 %1 12/09/20 09:00:00  27.03
  3.88  16.9  222.4  -11.4 -12.5     1    -2   53  53  52  55    84  92  78  94    54
  4.38  17.5  219.0  -11.0 -13.6     0    -1   53  52  53  55    85  97  86  97    67
  4.88  18.1  215.5  -10.5 -14.7     0     0   54  53  55  55    87  99  84  98    72
  5.38  17.8  213.5   -9.8 -14.8     0    -1   55  53  56  55    90  98  87 102    78
  5.88  16.9  214.9   -9.7 -13.9     0    -1   56  54  57  56    92 104  97 101    87
  6.38  14.6  213.8   -8.1 -12.1     0    -1   58  55  59  56    94 104 100 104    88
  6.88  13.6  214.9   -7.8 -11.2     0    -1   59  55  60  57    98 106 103 104    93
  7.38  13.8  210.5   -7.0 -11.9     0    -1   61  57  61  58   103 113 110 109    96
  7.88  13.2  207.0   -6.0 -11.8     0     0   63  58  63  59   104 112 111 112    98
  8.38  11.9  211.3   -6.2 -10.2     0     1   65  60  65  61   112 115 111 114    98
  8.88  12.7  207.2   -5.8 -11.3     0     0   67  62  67  62   115 120 117 114    99
  9.38  11.0  206.3   -4.9  -9.9     0    -1   69  65  70  64   117 120 117 120    99
  9.88  12.3  208.6   -5.9 -10.8     0     1   70  68  72  67   119 122 118 118    99
 10.38  12.6  213.3   -6.9 -10.5     0     0   73  70  72  69   119 121 123 123    99
 10.88  12.9  214.9   -7.4 -10.6     0     1   75  72  74  72   120 125 123 122    99
 11.38  14.0  218.9   -8.8 -10.9     0     1   78  74  76  75   123 123 119 122    98
 11.88  13.2  217.3   -8.0 -10.5     0    -1   79  77  77  78   122 123 121 125    99
 12.38  14.4  223.9  -10.0 -10.4     0     1   81  78  79  80   125 125 123 124    99
 12.88  13.4  216.2   -7.9 -10.8     0     0   83  81  81  83   123 125 125 123    99
 13.38  12.1  220.7   -7.9  -9.2     0     1   86  83  83  85   124 125 124 126    98
 13.88  13.1  228.4   -9.8  -8.7     0     0   88  85  85  87   125 125 124 126    99
 14.38  12.5  220.8   -8.2  -9.5     0     0   89  87  87  90   127 127 125 124    99
 14.88  12.6  219.5   -8.0  -9.7     0     0   91  89  89  92   124 124 126 129    99
 15.38  11.7  222.9   -8.0  -8.6     0     0   93  91  91  93   127 129 125 123    99
 15.88  10.6  224.2   -7.4  -7.6     0    -1   95  94  93  94   124 124 124 127    99
 16.38  11.5  223.9   -8.0  -8.3     0    -1   97  95  96  97   127 124 125 126    99
 16.88  10.7  224.6   -7.5  -7.6     0    -1   99  97  98  99   124 126 125 125    99
 17.38   9.9  221.7   -6.6  -7.4     0     0  102  99 101 101   126 126 126 127    99
 17.88  10.0  220.5   -6.5  -7.6     0    -1  105 102 104 104   126 126 125 124   100
 18.38   9.4  219.8   -6.0  -7.2     0     0  107 105 107 106   126 126 127 125    99
 18.88   9.0  213.2   -4.9  -7.5     0     0  110 108 109 109   125 126 126 125    99
 19.38   7.7  206.2   -3.4  -6.9     0     0  113 111 112 111   128 126 127 126    99
 19.88   9.3  195.5   -2.5  -9.0     0     0  116 113 114 114   125 127 126 126    99
 20.38   7.4  185.4   -0.7  -7.4     0    -1  118 116 116 117   124 126 125 125    99
 20.88   8.7  172.1    1.2  -8.6     0     0  121 119 120 120   125 124 126 126    99
 21.38   5.7  168.9    1.1  -5.6     0     0  125 123 125 124   124 126 127 126    99
 21.88   4.7  155.1    2.0  -4.3    -1     1  131 128 129 128   124 125 123 124    99
 22.38   4.8  139.3    3.1  -3.6    -1     0  139 133 136 134   127 125 126 125    99
 22.88   3.6  104.4    3.5  -0.9    -1    -1  142 140 142 140   123 120 124 125    98
 23.38   3.1   97.4    3.1  -0.4    -1     0  141 146 139 141   116  94 120 104    77
  %  2 12/09/20 09:10:00  27.03
  3.88  18.7  211.9   -9.9 -15.9     0    -1   53  54  52  58    93  98  80 101    61
  4.38  16.7  216.7  -10.0 -13.4     1     1   54  53  53  57    91  93  80 102    65
  4.88  17.2  208.8   -8.3 -15.1     0    -1   54  52  55  56    90  96  79 101    73
  5.38  16.8  211.9   -8.9 -14.3     0    -1   55  52  55  56    92  98  87 102    79
  5.88  16.6  212.9   -9.0 -13.9     0     0   55  53  56  56    95 101  97 103    87
  6.38  16.1  209.0   -7.8 -14.1     0    -1   57  54  57  57    97 104  98 105    89
  6.88  15.5  206.4   -6.9 -13.9     0    -1   58  55  58  57    99 108 103 106    95
  7.38  15.3  208.4   -7.3 -13.5     0    -1   59  57  60  58    99 109 104 107    94
  7.88  14.8  207.3   -6.8 -13.2     0     0   61  58  62  58   103 112 107 112    96
  8.38  14.4  205.5   -6.2 -13.0     0     0   63  59  63  60   109 117 110 115    97
  8.88  12.8  204.4   -5.3 -11.7     0     0   65  61  65  63   111 115 114 116    97
  9.38  13.1  207.7   -6.1 -11.6     0     0   67  62  67  65   117 117 115 119    99
  9.88  13.5  215.3   -7.8 -11.0     0     0   70  64  68  66   115 118 118 120    98
 10.38  12.5  203.1   -4.9 -11.5     0     2   72  66  71  69   117 123 119 119    99
 10.88  12.6  217.0   -7.6 -10.1    -1     1   74  69  73  71   122 122 120 123    98
 11.38  12.7  218.6   -7.9  -9.9     0     1   77  72  75  74   121 121 121 123    99
 11.88  10.9  219.1   -6.9  -8.5     0     0   78  74  77  77   123 124 121 126    99
 12.38  10.8  218.2   -6.7  -8.5     0     0   81  77  79  80   123 123 125 122    99
 12.88  12.0  217.9   -7.4  -9.5     0    -1   83  80  81  82   122 127 126 126    99
 13.38  12.2  219.0   -7.7  -9.5     0     0   86  82  82  84   126 125 123 125    99
 13.88  12.0  224.0   -8.3  -8.6     0     0   87  84  85  87   123 126 125 125    98
 14.38  11.3  215.7   -6.6  -9.2     0     0   88  86  87  88   123 123 126 126    99
 14.88  11.2  223.2   -7.7  -8.2     0     0   90  87  89  91   125 126 126 127    99
 15.38  11.7  224.0   -8.1  -8.4     0     0   92  89  90  93   126 124 126 125    99
 15.88  11.7  224.3   -8.2  -8.4     0     0   95  92  93  94   124 125 125 125    99
 16.38  10.9  222.8   -7.4  -8.0     0     0   96  94  94  96   127 125 127 127    99
 16.88  10.7  229.2   -8.1  -7.0     0     0   98  96  96  98   125 124 126 127    99
 17.38  10.5  224.6   -7.4  -7.5     0     0  100  98  98 100   126 127 124 125    99
 17.88  10.5  224.2   -7.3  -7.5     0    -1  102 100 101 102   125 125 126 126   100
 18.38   9.2  215.8   -5.4  -7.5     0     0  106 102 104 104   125 124 126 125    99
 18.88   8.0  224.5   -5.6  -5.7     0     0  109 105 107 107   127 125 126 125   100
 19.38   8.0  215.9   -4.7  -6.5     0    -1  111 108 110 110   125 126 125 127   100
 19.88   8.6  205.4   -3.7  -7.8     0     0  114 111 113 113   126 126 126 125    99
 20.38   8.3  201.3   -3.0  -7.7     0     0  117 114 115 116   126 127 125 125    99
 20.88   9.6  186.6   -1.1  -9.5     0     0  120 118 119 119   124 125 125 125    99
 21.38   8.3  187.0   -1.0  -8.2     0     0  124 122 123 123   125 124 125 124    99
 21.88   6.7  175.7    0.5  -6.7     0     0  129 127 128 128   124 125 125 126    98
 22.38   3.2  151.8    1.5  -2.8     0    -1  137 133 133 134   127 124 125 124    98
 22.88   2.7  113.7    2.5  -1.1     0     0  143 140 139 139   122 120 124 122    97
 23.38   2.0   87.1    2.0   0.1    -1     1  142 149 139 142   116  93 116 108    71
