1 13 0.003357620 ubox
1 16 0.984392923 ubox
1 46 0.005483799 ubox
1 52 0.007386220 ubox
1 109 0.024145226 ubox
1 114 0.030015675 ubox
1 116 0.035832220 ubox
2 12 0.003558846 ubox
2 15 0.997982882 ubox
2 102 0.022358322 ubox
2 108 0.023928655 ubox
2 113 0.028774017 ubox
2 115 0.032119454 ubox
3 11 0.003566593 ubox
3 14 0.998784101 ubox
3 17 0.010668609 ubox
3 101 0.022423092 ubox
3 107 0.023593807 ubox
3 113 0.010002675 ubox
3 115 0.003206837 ubox
4 13 0.998392213 ubox
4 16 0.015818672 ubox
4 106 0.017126065 ubox
4 109 0.030584730 ubox
4 114 0.003921297 ubox
5 12 0.998933193 ubox
5 15 0.016085994 ubox
5 34 0.007255503 ubox
5 99 0.025034613 ubox
5 102 0.011799281 ubox
5 108 0.030666747 ubox
5 113 0.003785616 ubox
6 11 0.998247638 ubox
6 14 0.016089011 ubox
6 33 0.007596977 ubox
6 98 0.025101684 ubox
6 101 0.011801086 ubox
6 107 0.030662778 ubox
7 13 0.013593722 ubox
7 32 0.007511566 ubox
7 97 0.024756129 ubox
7 106 0.029657694 ubox
8 93 0.003194020 ubox
8 96 0.024558265 ubox
8 105 0.027603293 ubox
9 30 0.010518395 ubox
9 90 0.017764909 ubox
9 92 0.003510700 ubox
9 94 0.009999827 ubox
9 95 0.022271447 ubox
9 97 0.012562974 ubox
9 104 0.013195045 ubox
10 29 0.010535941 ubox
10 89 0.021712666 ubox
10 93 0.013909874 ubox
10 96 0.013582945 ubox
11 28 0.010352315 ubox
11 30 0.003811200 ubox
11 47 0.006745943 ubox
11 88 0.022772025 ubox
11 92 0.013656566 ubox
11 93 0.015508846 ubox
11 94 0.007419806 ubox
11 95 0.013770347 ubox
12 27 0.010292740 ubox
12 29 0.003618961 ubox
12 46 0.007919929 ubox
12 87 0.026637092 ubox
12 92 0.016534370 ubox
12 93 0.004375256 ubox
12 94 0.013759271 ubox
13 26 0.010224036 ubox
13 45 0.007474521 ubox
13 48 0.003716433 ubox
13 86 0.027217641 ubox
13 91 0.015966912 ubox
14 25 0.009835125 ubox
14 28 0.007873383 ubox
14 47 0.016494144 ubox
14 85 0.027532576 ubox
14 90 0.010569419 ubox
14 93 0.012889422 ubox
15 27 0.008270344 ubox
15 46 0.025302647 ubox
15 84 0.026850948 ubox
15 89 0.006756056 ubox
15 92 0.013876371 ubox
15 114 0.005707265 ubox
15 116 0.013034972 ubox
16 23 0.009168173 ubox
16 26 0.008419989 ubox
16 44 0.155757163 ubox
16 48 0.010669886 ubox
16 53 0.050334543 ubox
16 91 0.013707052 ubox
16 113 0.006049481 ubox
16 115 0.014460783 ubox
17 22 0.009268715 ubox
17 25 0.010442548 ubox
17 43 0.580041981 ubox
17 46 0.687538644 ubox
17 47 0.010244841 ubox
17 52 0.185975563 ubox
17 77 0.006374761 ubox
17 90 0.005868459 ubox
17 92 0.004590286 ubox
17 104 0.030795771 ubox
17 109 0.047469279 ubox
17 112 0.007949137 ubox
17 114 0.030325471 ubox
17 116 0.049301268 ubox
18 24 0.010516435 ubox
18 41 0.109502212 ubox
18 42 0.561944979 ubox
18 45 0.689669178 ubox
18 49 0.019736750 ubox
18 51 0.186334994 ubox
18 76 0.005985372 ubox
18 91 0.004318096 ubox
18 102 0.003886564 ubox
18 103 0.032906338 ubox
18 108 0.047098701 ubox
18 111 0.007917634 ubox
18 113 0.028437394 ubox
18 115 0.046198158 ubox
18 117 0.005617842 ubox
19 23 0.010381189 ubox
19 40 0.113707698 ubox
19 44 0.689003363 ubox
19 48 0.021834040 ubox
19 50 0.186174266 ubox
19 53 0.005732720 ubox
19 101 0.005107098 ubox
19 102 0.033372008 ubox
19 107 0.046037898 ubox
19 108 0.003985469 ubox
20 39 0.093020962 ubox
20 40 0.990274884 ubox
20 101 0.027404246 ubox
21 38 0.065833288 ubox
21 39 0.995009906 ubox
21 40 0.009642353 ubox
21 99 0.020477097 ubox
21 108 0.015273786 ubox
22 38 0.997184485 ubox
22 39 0.006938709 ubox
22 98 0.020475547 ubox
22 107 0.015546146 ubox
23 37 0.999326926 ubox
23 94 0.003827851 ubox
23 97 0.019839403 ubox
23 106 0.015475963 ubox
24 36 0.998669992 ubox
24 93 0.003932810 ubox
24 96 0.019150621 ubox
24 105 0.015049211 ubox
25 35 0.995668208 ubox
25 53 0.015364066 ubox
26 32 0.003567614 ubox
26 36 0.029520087 ubox
26 52 0.015719906 ubox
26 92 0.019534349 ubox
27 34 0.991305522 ubox
27 35 0.040734594 ubox
27 91 0.019508818 ubox
27 102 0.015694341 ubox
28 33 0.991873834 ubox
28 34 0.043688065 ubox
28 50 0.017463874 ubox
28 101 0.015700969 ubox
29 33 0.038861769 ubox
29 34 0.003410368 ubox
29 49 0.017623919 ubox
29 100 0.015506824 ubox
30 48 0.017623990 ubox
30 98 0.004834559 ubox
30 99 0.014841508 ubox
31 47 0.012570488 ubox
31 87 0.018702735 ubox
31 97 0.006284453 ubox
32 86 0.020095631 ubox
33 85 0.020252870 ubox
33 94 0.004495044 ubox
33 95 0.008452239 ubox
33 96 0.010717028 ubox
34 47 0.016465801 ubox
34 84 0.019954660 ubox
34 93 0.004495492 ubox
34 94 0.008401943 ubox
34 95 0.010958857 ubox
35 46 0.030373190 ubox
35 83 0.005768327 ubox
35 92 0.005844997 ubox
35 93 0.004757608 ubox
35 94 0.010443770 ubox
36 45 0.030721179 ubox
36 49 0.003324572 ubox
36 82 0.004849504 ubox
36 91 0.004926564 ubox
37 44 0.030969980 ubox
37 48 0.003969048 ubox
37 91 0.009391671 ubox
38 43 0.030777667 ubox
38 47 0.004070401 ubox
38 90 0.009262073 ubox
39 46 0.004163846 ubox
39 85 0.007122735 ubox
39 89 0.008485127 ubox
39 90 0.004295699 ubox
40 84 0.007266728 ubox
40 88 0.008416137 ubox
40 89 0.004556758 ubox
41 83 0.007312689 ubox
41 87 0.008520864 ubox
41 88 0.005746085 ubox
41 89 0.003383514 ubox
42 81 0.014287458 ubox
42 87 0.005628549 ubox
42 88 0.003511903 ubox
43 53 0.101843240 ubox
43 80 0.014781571 ubox
43 91 0.003723129 ubox
43 107 0.011760101 ubox
43 113 0.005331768 ubox
43 115 0.023580352 ubox
44 52 0.103696077 ubox
44 79 0.013232110 ubox
44 84 0.046917844 ubox
44 88 0.003833114 ubox
44 90 0.003772885 ubox
44 106 0.011414819 ubox
44 114 0.024419473 ubox
45 78 0.011406718 ubox
45 81 0.064144203 ubox
45 83 0.046176421 ubox
45 87 0.004108454 ubox
45 89 0.003448290 ubox
45 105 0.009679268 ubox
46 54 0.018965412 ubox
46 80 0.065368976 ubox
46 101 0.004258284 ubox
46 102 0.004376896 ubox
46 108 0.005495827 ubox
47 53 0.057746032 ubox
47 80 0.176129378 ubox
47 82 0.061048853 ubox
47 86 0.006925941 ubox
47 101 0.003677499 ubox
47 107 0.005385994 ubox
47 111 0.004202672 ubox
47 115 0.009404497 ubox
47 117 0.019262746 ubox
48 52 0.063710314 ubox
48 75 0.004127225 ubox
48 79 0.416628856 ubox
48 81 0.064354916 ubox
48 84 0.015662371 ubox
48 85 0.006674482 ubox
48 106 0.003977001 ubox
48 110 0.003525253 ubox
48 114 0.009677254 ubox
48 116 0.021992131 ubox
49 78 0.422472954 ubox
49 83 0.015688127 ubox
49 105 0.003724970 ubox
49 110 0.003371125 ubox
50 77 0.422307429 ubox
50 79 0.175946561 ubox
50 84 0.003997463 ubox
50 109 0.003191511 ubox
51 78 0.178601226 ubox
51 81 0.019705580 ubox
52 70 0.011820934 ubox
52 76 0.394024476 ubox
52 80 0.021298228 ubox
52 115 0.014504033 ubox
53 69 0.012187973 ubox
53 75 0.329562083 ubox
53 78 0.003701116 ubox
53 79 0.021500799 ubox
53 114 0.014451212 ubox
54 68 0.012191239 ubox
54 74 0.233384423 ubox
54 75 0.942136331 ubox
54 78 0.005713371 ubox
55 67 0.012185979 ubox
55 74 0.972257908 ubox
55 77 0.004242278 ubox
56 66 0.012205721 ubox
56 73 0.999729179 ubox
56 76 0.003754801 ubox
57 65 0.012193990 ubox
57 72 0.999588047 ubox
58 64 0.012161433 ubox
58 71 0.999900515 ubox
59 70 0.999884837 ubox
60 68 0.006231148 ubox
60 69 0.999816818 ubox
61 67 0.007160768 ubox
61 68 0.995995999 ubox
62 66 0.088473359 ubox
71 116 0.008231398 ubox
72 115 0.008244791 ubox
73 114 0.008263335 ubox
74 113 0.008229707 ubox
75 115 0.009159927 ubox
76 92 0.004569937 ubox
76 109 0.036399212 ubox
76 114 0.043047262 ubox
76 116 0.876015585 ubox
77 91 0.004576336 ubox
77 108 0.036291279 ubox
77 113 0.041417811 ubox
77 115 0.876985273 ubox
78 103 0.004482897 ubox
78 107 0.021603140 ubox
78 108 0.009644341 ubox
78 117 0.019947910 ubox
79 102 0.005023131 ubox
79 107 0.030625178 ubox
79 113 0.875472827 ubox
79 115 0.122561481 ubox
80 87 0.003573257 ubox
80 92 0.036663273 ubox
80 104 0.019087498 ubox
80 106 0.029825699 ubox
80 109 0.019297798 ubox
80 112 0.888197787 ubox
80 114 0.378753749 ubox
80 116 0.032525121 ubox
81 86 0.003908298 ubox
81 91 0.036837466 ubox
81 103 0.021239255 ubox
81 107 0.006033823 ubox
81 108 0.014350562 ubox
81 111 0.891344650 ubox
81 113 0.380032174 ubox
81 115 0.031133862 ubox
82 90 0.036269822 ubox
82 104 0.062327710 ubox
82 106 0.005696552 ubox
82 110 0.869101671 ubox
82 112 0.376593146 ubox
83 100 0.098459356 ubox
83 103 0.068624025 ubox
83 108 0.014660153 ubox
83 111 0.330453749 ubox
84 99 0.107213772 ubox
84 102 0.070035678 ubox
84 107 0.014616445 ubox
84 108 0.977135239 ubox
85 91 0.011131422 ubox
85 98 0.107304787 ubox
85 101 0.069687309 ubox
85 107 0.980566043 ubox
85 113 0.044002885 ubox
86 90 0.009097483 ubox
86 97 0.104490650 ubox
86 104 0.031865141 ubox
86 106 0.967486850 ubox
86 112 0.044223177 ubox
87 99 0.027582346 ubox
87 100 0.047956845 ubox
87 101 0.010875301 ubox
87 102 0.028541657 ubox
87 103 0.058510238 ubox
87 108 0.007130168 ubox
87 111 0.041477565 ubox
88 98 0.025733141 ubox
88 99 0.048278580 ubox
88 100 0.015352904 ubox
88 101 0.030243769 ubox
88 102 0.060649306 ubox
88 103 0.083435014 ubox
88 107 0.010141455 ubox
88 108 0.010604185 ubox
88 117 0.003725594 ubox
89 98 0.047214651 ubox
89 99 0.015967872 ubox
89 100 0.034760345 ubox
89 101 0.049166224 ubox
89 102 0.079182724 ubox
89 103 0.676327920 ubox
89 107 0.014468013 ubox
89 108 0.006544572 ubox
90 98 0.014682310 ubox
90 99 0.035179491 ubox
90 100 0.048590588 ubox
90 101 0.041664271 ubox
90 102 0.578852582 ubox
90 107 0.007803149 ubox
90 111 0.008081871 ubox
90 115 0.024833134 ubox
90 117 0.032615140 ubox
91 97 0.011398029 ubox
91 106 0.010726214 ubox
91 109 0.064754885 ubox
91 114 0.032697290 ubox
91 116 0.041649901 ubox
92 99 0.107162270 ubox
92 101 0.921906131 ubox
92 102 0.037464359 ubox
92 108 0.064915024 ubox
92 113 0.032687215 ubox
92 115 0.041592057 ubox
93 98 0.097029880 ubox
93 99 0.057402362 ubox
93 100 0.928498638 ubox
93 101 0.028218323 ubox
93 102 0.012586412 ubox
93 103 0.278844894 ubox
93 107 0.040743936 ubox
94 98 0.067751463 ubox
94 99 0.923245882 ubox
94 101 0.018732192 ubox
94 102 0.297577278 ubox
94 107 0.003532888 ubox
94 108 0.009571381 ubox
95 101 0.297792773 ubox
95 102 0.009637652 ubox
95 107 0.009774068 ubox
95 108 0.004659679 ubox
96 100 0.264613301 ubox
96 101 0.009404604 ubox
96 103 0.007000222 ubox
96 107 0.004589646 ubox
97 102 0.007560520 ubox
97 111 0.009704108 ubox
98 106 0.003793547 ubox
98 110 0.010203101 ubox
99 105 0.004321474 ubox
99 106 0.007823539 ubox
99 109 0.010156244 ubox
100 104 0.003391150 ubox
100 105 0.007450625 ubox
100 106 0.003419533 ubox
100 110 0.009951992 ubox
101 109 0.011498196 ubox
101 110 0.012728679 ubox
102 109 0.013359738 ubox
103 112 0.006328165 ubox
104 111 0.006974267 ubox
104 117 0.003683457 ubox
105 117 0.009724823 ubox
106 113 0.003163077 ubox
106 115 0.020879833 ubox
106 117 0.040271669 ubox
107 112 0.004553852 ubox
107 114 0.029818411 ubox
107 116 0.050611000 ubox
108 114 0.069882202 ubox
108 116 0.093291872 ubox
109 113 0.069450472 ubox
109 115 0.094117769 ubox
