1 16 0.990924632 ubox
1 52 0.004684252 ubox
1 114 0.004223334 ubox
1 116 0.011177748 ubox
2 15 0.999885105 ubox
2 113 0.003419153 ubox
2 115 0.009425992 ubox
3 14 0.999966651 ubox
4 13 0.999707298 ubox
5 12 0.999990165 ubox
6 11 0.999775384 ubox
14 47 0.003675449 ubox
15 46 0.008001124 ubox
16 44 0.122526678 ubox
16 48 0.005960662 ubox
16 53 0.047543515 ubox
17 25 0.004905583 ubox
17 43 0.605487233 ubox
17 46 0.731616175 ubox
17 47 0.005307374 ubox
17 52 0.215757007 ubox
17 109 0.003273801 ubox
17 114 0.004765045 ubox
17 116 0.012178622 ubox
18 24 0.005023314 ubox
18 41 0.060377781 ubox
18 42 0.595357376 ubox
18 45 0.732124248 ubox
18 49 0.011014046 ubox
18 51 0.215852700 ubox
18 108 0.003240653 ubox
18 113 0.004532790 ubox
18 115 0.011710049 ubox
19 23 0.005017295 ubox
19 40 0.061646813 ubox
19 44 0.731744193 ubox
19 48 0.011645830 ubox
19 50 0.215762023 ubox
19 107 0.003207547 ubox
20 39 0.050365539 ubox
20 40 0.997346098 ubox
21 38 0.035616401 ubox
21 39 0.998656025 ubox
21 40 0.004861302 ubox
22 38 0.999287799 ubox
22 39 0.003450013 ubox
23 37 0.999924687 ubox
24 36 0.999807935 ubox
25 35 0.999148781 ubox
25 53 0.009251601 ubox
26 36 0.009055163 ubox
26 52 0.009763078 ubox
27 34 0.998428332 ubox
27 35 0.012469696 ubox
28 33 0.998622422 ubox
28 34 0.013514904 ubox
28 50 0.010485309 ubox
29 33 0.012496302 ubox
29 49 0.010496892 ubox
30 48 0.010495263 ubox
31 47 0.007237736 ubox
34 47 0.007605920 ubox
35 46 0.010769089 ubox
36 45 0.010790003 ubox
37 44 0.010793383 ubox
38 43 0.010781797 ubox
43 53 0.132922534 ubox
43 115 0.004718371 ubox
44 52 0.140328353 ubox
44 84 0.006831582 ubox
44 114 0.005084695 ubox
45 81 0.020529261 ubox
45 83 0.006754172 ubox
46 54 0.024263493 ubox
46 80 0.020786233 ubox
47 53 0.060032742 ubox
47 80 0.032501794 ubox
47 82 0.006138102 ubox
47 117 0.003950681 ubox
48 52 0.072087387 ubox
48 79 0.235232382 ubox
48 81 0.006690818 ubox
48 116 0.004323213 ubox
49 78 0.237294970 ubox
50 77 0.237440847 ubox
50 79 0.051418861 ubox
51 78 0.051788933 ubox
52 76 0.224538427 ubox
52 115 0.004543314 ubox
53 75 0.188158815 ubox
53 114 0.004536829 ubox
54 74 0.133097889 ubox
54 75 0.981406018 ubox
55 74 0.991094032 ubox
56 73 0.999979317 ubox
57 72 0.999867907 ubox
58 71 0.999991804 ubox
59 70 0.999984026 ubox
60 69 0.999982059 ubox
61 68 0.999277867 ubox
62 66 0.044220663 ubox
76 109 0.009535988 ubox
76 114 0.014072692 ubox
76 116 0.968347189 ubox
77 108 0.009508973 ubox
77 113 0.013686169 ubox
77 115 0.968713237 ubox
78 107 0.004240496 ubox
78 117 0.004536125 ubox
79 107 0.008932061 ubox
79 113 0.967981372 ubox
79 115 0.046647546 ubox
80 92 0.008741460 ubox
80 106 0.009484900 ubox
80 109 0.004136655 ubox
80 112 0.972674266 ubox
80 114 0.223218918 ubox
80 116 0.008323140 ubox
81 91 0.008747808 ubox
81 111 0.973244883 ubox
81 113 0.223305217 ubox
81 115 0.007947433 ubox
82 90 0.008691700 ubox
82 104 0.018838731 ubox
82 110 0.960750562 ubox
82 112 0.222664206 ubox
83 100 0.013232101 ubox
83 103 0.019958794 ubox
83 108 0.004305634 ubox
83 111 0.199975232 ubox
84 99 0.013884649 ubox
84 102 0.020102322 ubox
84 107 0.003677587 ubox
84 108 0.998828559 ubox
85 98 0.013887044 ubox
85 101 0.020076056 ubox
85 107 0.999532531 ubox
85 113 0.007101575 ubox
86 97 0.013705164 ubox
86 104 0.014757054 ubox
86 106 0.997792908 ubox
86 112 0.007115628 ubox
87 99 0.005563864 ubox
87 100 0.018577677 ubox
87 101 0.004228204 ubox
87 102 0.011897366 ubox
87 103 0.026288537 ubox
87 111 0.006896903 ubox
88 98 0.005445692 ubox
88 99 0.018615018 ubox
88 100 0.004826466 ubox
88 101 0.012194053 ubox
88 102 0.026961863 ubox
88 103 0.052812536 ubox
89 98 0.018534656 ubox
89 99 0.004916459 ubox
89 100 0.012610941 ubox
89 101 0.023664738 ubox
89 102 0.051645089 ubox
89 103 0.934505161 ubox
90 98 0.004834531 ubox
90 99 0.012662374 ubox
90 100 0.023405988 ubox
90 101 0.032597074 ubox
90 102 0.879527233 ubox
90 117 0.003710567 ubox
91 97 0.003446610 ubox
91 109 0.008975712 ubox
91 116 0.004698638 ubox
92 99 0.072622113 ubox
92 101 0.984154722 ubox
92 102 0.013119676 ubox
92 108 0.008981304 ubox
92 115 0.004696161 ubox
93 98 0.064217284 ubox
93 99 0.047419667 ubox
93 100 0.987908063 ubox
93 101 0.009766774 ubox
93 102 0.004137103 ubox
93 103 0.106704218 ubox
93 107 0.005550601 ubox
94 98 0.051477501 ubox
94 99 0.985449190 ubox
94 101 0.007505984 ubox
94 102 0.113213947 ubox
95 101 0.113373398 ubox
96 100 0.103470617 ubox
106 117 0.007770414 ubox
107 114 0.003981508 ubox
107 116 0.009819131 ubox
108 114 0.014335784 ubox
108 116 0.021119796 ubox
109 113 0.014324352 ubox
109 115 0.021350857 ubox
