1 16 0.988027789 ubox
1 46 0.004337279 ubox
1 52 0.006225600 ubox
1 109 0.007431441 ubox
1 114 0.011399754 ubox
1 116 0.020821257 ubox
2 15 0.999540909 ubox
2 102 0.007776912 ubox
2 108 0.007264430 ubox
2 113 0.010359244 ubox
2 115 0.018091876 ubox
3 14 0.999828384 ubox
3 17 0.004030621 ubox
3 101 0.007787843 ubox
3 107 0.007165291 ubox
3 113 0.003228899 ubox
4 13 0.999476117 ubox
4 16 0.005565783 ubox
4 106 0.004767130 ubox
4 109 0.009169839 ubox
5 12 0.999884122 ubox
5 15 0.005630031 ubox
5 99 0.008361583 ubox
5 102 0.003388255 ubox
5 108 0.009183020 ubox
6 11 0.999464756 ubox
6 14 0.005630538 ubox
6 98 0.008375382 ubox
6 101 0.003389579 ubox
6 107 0.009182297 ubox
7 13 0.004694929 ubox
7 97 0.008310528 ubox
7 106 0.008942316 ubox
8 96 0.008289425 ubox
8 105 0.008534658 ubox
9 30 0.003268595 ubox
9 90 0.005828022 ubox
9 94 0.003257522 ubox
9 95 0.007559052 ubox
9 97 0.003630668 ubox
9 104 0.004163293 ubox
10 29 0.003271021 ubox
10 89 0.007206499 ubox
10 93 0.004564205 ubox
10 96 0.003782013 ubox
11 28 0.003224119 ubox
11 88 0.007517998 ubox
11 92 0.004485965 ubox
11 93 0.005490470 ubox
11 95 0.003807993 ubox
12 27 0.003208693 ubox
12 87 0.008740611 ubox
12 92 0.005745148 ubox
12 94 0.003804360 ubox
13 26 0.003192922 ubox
13 86 0.008864069 ubox
13 91 0.005589809 ubox
14 47 0.007588133 ubox
14 85 0.008953101 ubox
14 90 0.003799200 ubox
14 93 0.003411189 ubox
15 46 0.014035615 ubox
15 84 0.008813050 ubox
15 92 0.003632426 ubox
15 116 0.005136457 ubox
16 26 0.003205527 ubox
16 44 0.139243098 ubox
16 48 0.008490907 ubox
16 53 0.050635594 ubox
16 91 0.003583764 ubox
16 115 0.005761164 ubox
17 25 0.006285184 ubox
17 43 0.594961211 ubox
17 46 0.715388731 ubox
17 47 0.007821369 ubox
17 52 0.204250701 ubox
17 77 0.003321706 ubox
17 104 0.011379082 ubox
17 109 0.015254198 ubox
17 114 0.012987182 ubox
17 116 0.026868457 ubox
18 24 0.006395814 ubox
18 41 0.084065503 ubox
18 42 0.580630210 ubox
18 45 0.716568289 ubox
18 49 0.015809510 ubox
18 51 0.204463911 ubox
18 76 0.003163178 ubox
18 103 0.011973930 ubox
18 108 0.015127964 ubox
18 113 0.012255379 ubox
18 115 0.025503570 ubox
18 117 0.003167283 ubox
19 23 0.006361108 ubox
19 40 0.086733276 ubox
19 44 0.715987494 ubox
19 48 0.017104454 ubox
19 50 0.204327663 ubox
19 53 0.004032275 ubox
19 102 0.012078339 ubox
19 107 0.014883362 ubox
20 39 0.070899953 ubox
20 40 0.994654914 ubox
20 101 0.009969788 ubox
21 38 0.050149672 ubox
21 39 0.997292937 ubox
21 40 0.007162430 ubox
21 99 0.007530587 ubox
21 108 0.005287452 ubox
22 38 0.998549542 ubox
22 39 0.005108112 ubox
22 98 0.007530283 ubox
22 107 0.005377093 ubox
23 37 0.999803136 ubox
23 97 0.007364913 ubox
23 106 0.005363704 ubox
24 36 0.999502774 ubox
24 96 0.007227501 ubox
24 105 0.005275349 ubox
25 35 0.997933458 ubox
25 53 0.012627358 ubox
26 36 0.017862264 ubox
26 52 0.013016807 ubox
26 92 0.007278923 ubox
27 34 0.995917720 ubox
27 35 0.024629210 ubox
27 91 0.007272386 ubox
27 102 0.005417143 ubox
28 33 0.996279411 ubox
28 34 0.026531912 ubox
28 50 0.014101603 ubox
28 101 0.005418348 ubox
29 33 0.024029394 ubox
29 49 0.014145959 ubox
29 100 0.005368631 ubox
30 48 0.014142330 ubox
30 99 0.005175751 ubox
31 47 0.009946693 ubox
31 87 0.006995412 ubox
32 86 0.007367861 ubox
33 85 0.007400922 ubox
33 96 0.004012779 ubox
34 47 0.010626727 ubox
34 84 0.007312982 ubox
34 95 0.004058361 ubox
35 46 0.016693503 ubox
35 94 0.003898359 ubox
36 45 0.016775076 ubox
37 44 0.016816188 ubox
37 91 0.003932127 ubox
38 43 0.016766296 ubox
38 90 0.003914689 ubox
39 89 0.003772297 ubox
40 88 0.003754219 ubox
41 87 0.003714383 ubox
42 81 0.004956932 ubox
43 53 0.116854401 ubox
43 80 0.005135330 ubox
43 107 0.003754882 ubox
43 115 0.011338587 ubox
44 52 0.121250566 ubox
44 79 0.004805044 ubox
44 84 0.019996227 ubox
44 106 0.003695529 ubox
44 114 0.011837913 ubox
45 78 0.004175264 ubox
45 81 0.037977843 ubox
45 83 0.019727068 ubox
45 105 0.003310296 ubox
46 54 0.021152765 ubox
46 80 0.038569541 ubox
47 53 0.059633495 ubox
47 80 0.083900615 ubox
47 82 0.022351319 ubox
47 115 0.003994173 ubox
47 117 0.009490104 ubox
48 52 0.068187142 ubox
48 79 0.319596211 ubox
48 81 0.023955882 ubox
48 84 0.006076906 ubox
48 114 0.004201168 ubox
48 116 0.010837246 ubox
49 78 0.323549223 ubox
49 83 0.006012987 ubox
50 77 0.323741009 ubox
50 79 0.102822054 ubox
51 78 0.104040677 ubox
51 81 0.008014237 ubox
52 70 0.006252106 ubox
52 76 0.303852441 ubox
52 80 0.008586791 ubox
52 115 0.008851085 ubox
53 69 0.006390470 ubox
53 75 0.254813320 ubox
53 79 0.008701932 ubox
53 114 0.008828112 ubox
54 68 0.006391406 ubox
54 74 0.180330215 ubox
54 75 0.965776001 ubox
55 67 0.006389435 ubox
55 74 0.983568436 ubox
56 66 0.006397438 ubox
56 73 0.999913808 ubox
57 65 0.006394105 ubox
57 72 0.999756515 ubox
58 64 0.006383798 ubox
58 71 0.999967604 ubox
59 70 0.999955355 ubox
60 68 0.003407123 ubox
60 69 0.999940841 ubox
61 67 0.003943229 ubox
61 68 0.998074376 ubox
62 66 0.065968155 ubox
71 116 0.004404836 ubox
72 115 0.004407834 ubox
73 114 0.004414648 ubox
74 113 0.004404667 ubox
75 115 0.004876643 ubox
76 109 0.020421922 ubox
76 114 0.027165652 ubox
76 116 0.935292474 ubox
77 108 0.020355551 ubox
77 113 0.026258620 ubox
77 115 0.935983990 ubox
78 107 0.010413887 ubox
78 108 0.004807133 ubox
78 117 0.010556816 ubox
79 107 0.018339040 ubox
79 113 0.934844070 ubox
79 115 0.082393641 ubox
80 92 0.019877779 ubox
80 104 0.008349044 ubox
80 106 0.018342505 ubox
80 109 0.010112460 ubox
80 112 0.943125947 ubox
80 114 0.304169802 ubox
80 116 0.018659652 ubox
81 91 0.019921049 ubox
81 103 0.008949825 ubox
81 108 0.007507297 ubox
81 111 0.944482234 ubox
81 113 0.304599187 ubox
81 115 0.017876179 ubox
82 90 0.019707354 ubox
82 104 0.036808088 ubox
82 110 0.926486330 ubox
82 112 0.302885153 ubox
83 100 0.042624273 ubox
83 103 0.039719888 ubox
83 108 0.008696413 ubox
83 111 0.268487055 ubox
84 99 0.045568166 ubox
84 102 0.040231174 ubox
84 107 0.008071791 ubox
84 108 0.994606523 ubox
85 91 0.003940901 ubox
85 98 0.045587843 ubox
85 101 0.040112319 ubox
85 107 0.996333853 ubox
85 113 0.020881087 ubox
86 90 0.003325486 ubox
86 97 0.044696095 ubox
86 104 0.023935844 ubox
86 106 0.990252312 ubox
86 112 0.020957693 ubox
87 99 0.014270018 ubox
87 100 0.032715296 ubox
87 101 0.007566193 ubox
87 102 0.020979648 ubox
87 103 0.043890588 ubox
87 108 0.003635792 ubox
87 111 0.019987871 ubox
88 98 0.013674750 ubox
88 99 0.032860016 ubox
88 100 0.009457442 ubox
88 101 0.021819727 ubox
88 102 0.045343175 ubox
88 103 0.072489459 ubox
88 107 0.004531925 ubox
88 108 0.004792443 ubox
89 98 0.032491806 ubox
89 99 0.009750795 ubox
89 100 0.023473237 ubox
89 101 0.037984908 ubox
89 102 0.069809172 ubox
89 103 0.820043792 ubox
89 107 0.006125715 ubox
90 98 0.009325249 ubox
90 99 0.023633697 ubox
90 100 0.037460133 ubox
90 101 0.039155342 ubox
90 102 0.736935555 ubox
90 107 0.003306155 ubox
90 115 0.008958397 ubox
90 117 0.013645558 ubox
91 97 0.006845575 ubox
91 106 0.005017369 ubox
91 109 0.028871624 ubox
91 114 0.012095710 ubox
91 116 0.017362091 ubox
92 99 0.095478978 ubox
92 101 0.960237325 ubox
92 102 0.025610549 ubox
92 108 0.028911350 ubox
92 113 0.012094356 ubox
92 115 0.017346497 ubox
93 98 0.085619539 ubox
93 99 0.055669761 ubox
93 100 0.966068340 ubox
93 101 0.019238067 ubox
93 102 0.008216835 ubox
93 103 0.193186172 ubox
93 107 0.018010275 ubox
94 98 0.062608152 ubox
94 99 0.962208938 ubox
94 101 0.013233778 ubox
94 102 0.205009076 ubox
94 108 0.003423396 ubox
95 101 0.205221689 ubox
95 102 0.004999114 ubox
95 107 0.003483167 ubox
96 100 0.184576751 ubox
96 101 0.004884738 ubox
97 111 0.003645841 ubox
98 110 0.003767461 ubox
99 109 0.003761026 ubox
100 110 0.003778522 ubox
101 109 0.004415062 ubox
101 110 0.006093704 ubox
102 109 0.006347830 ubox
105 117 0.003575751 ubox
106 115 0.008704186 ubox
106 117 0.019781989 ubox
107 114 0.012608384 ubox
107 116 0.024904858 ubox
108 114 0.035161003 ubox
108 116 0.048702135 ubox
109 113 0.035026546 ubox
109 115 0.049133708 ubox
