1 13 0.003548509 ubox
1 16 0.983548589 ubox
1 19 0.003173630 ubox
1 46 0.005656777 ubox
1 52 0.007519436 ubox
1 77 0.003285575 ubox
1 109 0.028474244 ubox
1 114 0.034615657 ubox
1 116 0.039023075 ubox
2 12 0.003766840 ubox
2 15 0.997420829 ubox
2 102 0.025885770 ubox
2 108 0.028256763 ubox
2 113 0.033333980 ubox
2 115 0.035166815 ubox
3 11 0.003776245 ubox
3 14 0.998356094 ubox
3 17 0.012276817 ubox
3 101 0.025968195 ubox
3 107 0.027861045 ubox
3 113 0.011775526 ubox
3 115 0.003811497 ubox
4 13 0.997968727 ubox
4 16 0.018425845 ubox
4 92 0.003718266 ubox
4 106 0.020379458 ubox
4 109 0.036122432 ubox
4 114 0.004646949 ubox
5 12 0.998533395 ubox
5 15 0.018752136 ubox
5 34 0.008559062 ubox
5 91 0.003589010 ubox
5 99 0.029158157 ubox
5 102 0.013975441 ubox
5 108 0.036227841 ubox
5 113 0.004486948 ubox
6 11 0.997799658 ubox
6 14 0.018756123 ubox
6 33 0.008956278 ubox
6 98 0.029241698 ubox
6 101 0.013976559 ubox
6 107 0.036222831 ubox
7 13 0.015875336 ubox
7 32 0.008850924 ubox
7 94 0.003618327 ubox
7 97 0.028804813 ubox
7 106 0.034999037 ubox
8 93 0.003820010 ubox
8 96 0.028536400 ubox
8 105 0.032434294 ubox
9 30 0.012413534 ubox
9 90 0.020603413 ubox
9 92 0.004203669 ubox
9 94 0.011662604 ubox
9 95 0.025864177 ubox
9 97 0.014842800 ubox
9 104 0.015486081 ubox
10 29 0.012436547 ubox
10 89 0.025162466 ubox
10 93 0.016200042 ubox
10 96 0.016170312 ubox
10 97 0.003661339 ubox
11 28 0.012214257 ubox
11 30 0.004453120 ubox
11 47 0.008062442 ubox
11 85 0.003299489 ubox
11 88 0.026409332 ubox
11 92 0.015900627 ubox
11 93 0.017859567 ubox
11 94 0.008885869 ubox
11 95 0.016417066 ubox
11 96 0.003684136 ubox
12 27 0.012142221 ubox
12 29 0.004229208 ubox
12 46 0.009513692 ubox
12 84 0.003257536 ubox
12 87 0.030955108 ubox
12 92 0.019100463 ubox
12 93 0.005265121 ubox
12 94 0.016403998 ubox
12 95 0.003705601 ubox
13 26 0.012057456 ubox
13 45 0.008983666 ubox
13 48 0.004321596 ubox
13 86 0.031677435 ubox
13 91 0.018424425 ubox
14 25 0.011589654 ubox
14 28 0.009224139 ubox
14 47 0.018588067 ubox
14 85 0.032055046 ubox
14 90 0.012161120 ubox
14 93 0.015449692 ubox
15 27 0.009638160 ubox
15 46 0.027943913 ubox
15 84 0.031210276 ubox
15 89 0.007625773 ubox
15 92 0.016664140 ubox
15 114 0.006573112 ubox
15 116 0.014934610 ubox
16 23 0.010769219 ubox
16 26 0.009797355 ubox
16 44 0.159038879 ubox
16 48 0.010968691 ubox
16 53 0.049928854 ubox
16 91 0.016464514 ubox
16 113 0.006971834 ubox
16 115 0.016544818 ubox
17 22 0.010860495 ubox
17 25 0.011663172 ubox
17 43 0.577199582 ubox
17 46 0.681731931 ubox
17 47 0.010603196 ubox
17 52 0.182200983 ubox
17 77 0.006976983 ubox
17 90 0.007318799 ubox
17 92 0.005527891 ubox
17 104 0.035158194 ubox
17 109 0.055265061 ubox
17 112 0.009149356 ubox
17 114 0.034348934 ubox
17 116 0.053696656 ubox
18 24 0.011730461 ubox
18 41 0.113587844 ubox
18 42 0.558547225 ubox
18 45 0.684037637 ubox
18 49 0.020231460 ubox
18 51 0.182584219 ubox
18 76 0.006536520 ubox
18 91 0.005196048 ubox
18 102 0.004567119 ubox
18 103 0.037659154 ubox
18 108 0.054833044 ubox
18 111 0.009099248 ubox
18 113 0.032183595 ubox
18 115 0.050215963 ubox
18 117 0.006114255 ubox
19 23 0.011563829 ubox
19 40 0.118096608 ubox
19 44 0.683376321 ubox
19 48 0.022460405 ubox
19 50 0.182422657 ubox
19 53 0.005975419 ubox
19 101 0.006017846 ubox
19 102 0.038228415 ubox
19 107 0.053540619 ubox
19 108 0.004831026 ubox
20 39 0.096625963 ubox
20 40 0.989336950 ubox
20 101 0.031378042 ubox
20 107 0.003386356 ubox
21 38 0.068393620 ubox
21 39 0.994504851 ubox
21 40 0.010074986 ubox
21 99 0.023423008 ubox
21 108 0.017764581 ubox
22 38 0.996854125 ubox
22 39 0.007264136 ubox
22 98 0.023421055 ubox
22 107 0.018086104 ubox
23 37 0.999163307 ubox
23 94 0.004454084 ubox
23 97 0.022656130 ubox
23 106 0.017997535 ubox
24 36 0.998426929 ubox
24 93 0.004584288 ubox
24 96 0.021795971 ubox
24 105 0.017464653 ubox
25 35 0.995139349 ubox
25 53 0.015733971 ubox
26 32 0.003972065 ubox
26 36 0.031656370 ubox
26 52 0.016088705 ubox
26 92 0.022269922 ubox
27 34 0.990281053 ubox
27 35 0.043687315 ubox
27 91 0.022239378 ubox
27 102 0.018266816 ubox
28 33 0.990885834 ubox
28 34 0.046825773 ubox
28 50 0.017987838 ubox
28 101 0.018275288 ubox
29 33 0.041540451 ubox
29 34 0.003768212 ubox
29 49 0.018187794 ubox
29 100 0.018040728 ubox
30 48 0.018190765 ubox
30 98 0.005674794 ubox
30 99 0.017248963 ubox
31 47 0.012999912 ubox
31 87 0.021325394 ubox
31 97 0.007360616 ubox
32 86 0.022990399 ubox
33 85 0.023185277 ubox
33 94 0.005428969 ubox
33 95 0.009777169 ubox
33 96 0.012305930 ubox
34 47 0.018005841 ubox
34 84 0.022833519 ubox
34 93 0.005435101 ubox
34 94 0.009722373 ubox
34 95 0.012611286 ubox
35 46 0.033830774 ubox
35 83 0.006740588 ubox
35 92 0.007003474 ubox
35 93 0.005434332 ubox
35 94 0.012002676 ubox
36 45 0.034261410 ubox
36 49 0.003779603 ubox
36 82 0.005635696 ubox
36 91 0.005958443 ubox
37 44 0.034574157 ubox
37 48 0.004543360 ubox
37 80 0.003537904 ubox
37 91 0.010563096 ubox
38 43 0.034336109 ubox
38 47 0.004656589 ubox
38 79 0.003450145 ubox
38 90 0.010396306 ubox
39 46 0.004754961 ubox
39 78 0.003398912 ubox
39 85 0.008519961 ubox
39 89 0.009423029 ubox
39 90 0.005026413 ubox
40 77 0.003343349 ubox
40 84 0.008689909 ubox
40 88 0.009342399 ubox
40 89 0.005342231 ubox
41 83 0.008718732 ubox
41 87 0.009518195 ubox
41 88 0.006772007 ubox
41 89 0.004031469 ubox
42 81 0.016504767 ubox
42 87 0.006642355 ubox
42 88 0.004175723 ubox
43 53 0.099322565 ubox
43 80 0.017073263 ubox
43 91 0.004361719 ubox
43 107 0.013804834 ubox
43 113 0.006132212 ubox
43 115 0.026226629 ubox
44 52 0.100762393 ubox
44 79 0.015244240 ubox
44 84 0.052726376 ubox
44 88 0.004419200 ubox
44 90 0.004409464 ubox
44 105 0.003335994 ubox
44 106 0.013378095 ubox
44 112 0.003665769 ubox
44 114 0.027160607 ubox
45 78 0.013124670 ubox
45 81 0.069123106 ubox
45 83 0.051874748 ubox
45 87 0.004747374 ubox
45 89 0.004018457 ubox
45 105 0.011238676 ubox
46 54 0.018622334 ubox
46 80 0.070488124 ubox
46 101 0.004898073 ubox
46 102 0.005065187 ubox
46 108 0.006318193 ubox
47 53 0.057200318 ubox
47 76 0.003267051 ubox
47 80 0.195254575 ubox
47 82 0.070161767 ubox
47 86 0.008187318 ubox
47 100 0.003314482 ubox
47 101 0.004252924 ubox
47 107 0.006175213 ubox
47 111 0.004916581 ubox
47 115 0.010602493 ubox
47 117 0.021213149 ubox
48 52 0.062798102 ubox
48 75 0.004502645 ubox
48 79 0.434128269 ubox
48 81 0.073772983 ubox
48 84 0.017847140 ubox
48 85 0.007890942 ubox
48 106 0.004583064 ubox
48 110 0.004158242 ubox
48 114 0.010890666 ubox
48 116 0.024202574 ubox
49 78 0.440217620 ubox
49 83 0.017911946 ubox
49 105 0.004281180 ubox
49 110 0.003909827 ubox
50 77 0.439913733 ubox
50 79 0.190066044 ubox
50 84 0.004772960 ubox
50 109 0.003687147 ubox
51 72 0.003458840 ubox
51 78 0.192980511 ubox
51 81 0.022303941 ubox
51 83 0.003775650 ubox
52 70 0.012896529 ubox
52 76 0.410077224 ubox
52 80 0.024141193 ubox
52 115 0.015508843 ubox
53 69 0.013317636 ubox
53 75 0.342743658 ubox
53 78 0.004103346 ubox
53 79 0.024358192 ubox
53 114 0.015450862 ubox
54 68 0.013321549 ubox
54 74 0.242749754 ubox
54 75 0.937278054 ubox
54 78 0.006591768 ubox
55 67 0.013315535 ubox
55 74 0.969937980 ubox
55 77 0.004886847 ubox
56 66 0.013337987 ubox
56 73 0.999680259 ubox
56 76 0.004323467 ubox
57 65 0.013323998 ubox
57 72 0.999553193 ubox
58 64 0.013285841 ubox
58 71 0.999883228 ubox
59 70 0.999867162 ubox
60 68 0.006778512 ubox
60 69 0.999782479 ubox
61 67 0.007783702 ubox
61 68 0.995562303 ubox
62 66 0.092145011 ubox
71 116 0.008965043 ubox
72 115 0.008981398 ubox
73 114 0.009002532 ubox
73 116 0.003526244 ubox
74 113 0.008962868 ubox
75 115 0.009975274 ubox
76 92 0.005163588 ubox
76 109 0.039400486 ubox
76 114 0.045665791 ubox
76 116 0.862608807 ubox
77 91 0.005170903 ubox
77 108 0.039287321 ubox
77 113 0.043909452 ubox
77 115 0.863607940 ubox
78 103 0.005228615 ubox
78 107 0.023859713 ubox
78 108 0.010624771 ubox
78 117 0.021664011 ubox
79 102 0.005850234 ubox
79 107 0.032798709 ubox
79 113 0.862045889 ubox
79 115 0.128882948 ubox
80 87 0.004066017 ubox
80 92 0.039853588 ubox
80 104 0.021297317 ubox
80 106 0.031842855 ubox
80 109 0.021043320 ubox
80 112 0.875536856 ubox
80 114 0.389132146 ubox
80 116 0.034934459 ubox
81 86 0.004471398 ubox
81 91 0.040063906 ubox
81 103 0.023834506 ubox
81 107 0.006769537 ubox
81 108 0.015661177 ubox
81 111 0.879104083 ubox
81 113 0.390606994 ubox
81 115 0.033431138 ubox
82 90 0.039415446 ubox
82 104 0.067100851 ubox
82 106 0.006433884 ubox
82 110 0.856389982 ubox
82 112 0.386837296 ubox
83 100 0.110109029 ubox
83 103 0.074130219 ubox
83 108 0.015717762 ubox
83 111 0.338958178 ubox
83 117 0.003213083 ubox
84 99 0.120255604 ubox
84 102 0.075762133 ubox
84 107 0.015848819 ubox
84 108 0.971661407 ubox
85 91 0.012831927 ubox
85 98 0.120367727 ubox
85 101 0.075359657 ubox
85 107 0.975443573 ubox
85 113 0.048452770 ubox
86 90 0.010443358 ubox
86 97 0.117080262 ubox
86 104 0.032977450 ubox
86 106 0.961117859 ubox
86 112 0.048703244 ubox
87 99 0.030085475 ubox
87 100 0.050369697 ubox
87 101 0.011388113 ubox
87 102 0.029504112 ubox
87 103 0.060396377 ubox
87 108 0.007823918 ubox
87 111 0.045554580 ubox
88 98 0.027935786 ubox
88 99 0.050719533 ubox
88 100 0.016429743 ubox
88 101 0.031387991 ubox
88 102 0.062611771 ubox
88 103 0.084327060 ubox
88 107 0.011353317 ubox
88 108 0.011802770 ubox
88 117 0.004268018 ubox
89 98 0.049494768 ubox
89 99 0.017099007 ubox
89 100 0.036574991 ubox
89 101 0.050554731 ubox
89 102 0.079851743 ubox
89 103 0.652678444 ubox
89 107 0.016250729 ubox
89 108 0.007328762 ubox
89 117 0.003327788 ubox
90 98 0.015612176 ubox
90 99 0.037056056 ubox
90 100 0.050016153 ubox
90 101 0.041780015 ubox
90 102 0.554347888 ubox
90 107 0.008786150 ubox
90 111 0.009303803 ubox
90 115 0.028324176 ubox
90 117 0.036444427 ubox
91 97 0.012263801 ubox
91 106 0.011893229 ubox
91 109 0.071862848 ubox
91 114 0.037170595 ubox
91 116 0.046563909 ubox
92 99 0.108105715 ubox
92 101 0.913619497 ubox
92 102 0.039109541 ubox
92 108 0.072055547 ubox
92 113 0.037157429 ubox
92 115 0.046494940 ubox
93 98 0.098018423 ubox
93 99 0.057266817 ubox
93 100 0.920221300 ubox
93 101 0.029459046 ubox
93 102 0.013283383 ubox
93 103 0.292688274 ubox
93 107 0.045280734 ubox
94 98 0.068153811 ubox
94 99 0.914759085 ubox
94 101 0.019551706 ubox
94 102 0.312731824 ubox
94 107 0.004130001 ubox
94 108 0.010950498 ubox
95 101 0.312943442 ubox
95 102 0.010612621 ubox
95 107 0.011190371 ubox
95 108 0.005444694 ubox
96 100 0.277581892 ubox
96 101 0.010351206 ubox
96 103 0.007996484 ubox
96 107 0.005365636 ubox
97 102 0.008681788 ubox
97 111 0.011011175 ubox
98 105 0.003565848 ubox
98 106 0.004330834 ubox
98 110 0.011611601 ubox
99 105 0.004933547 ubox
99 106 0.009280449 ubox
99 109 0.011550712 ubox
100 104 0.003816629 ubox
100 105 0.008822804 ubox
100 106 0.004098214 ubox
100 110 0.011334132 ubox
101 109 0.013063802 ubox
101 110 0.013990864 ubox
102 109 0.014698001 ubox
103 112 0.007072447 ubox
104 111 0.007851399 ubox
104 117 0.004171277 ubox
105 117 0.011122361 ubox
106 113 0.003643425 ubox
106 115 0.023461575 ubox
106 117 0.044253887 ubox
107 112 0.005274176 ubox
107 114 0.033419591 ubox
107 116 0.055600967 ubox
108 114 0.076515976 ubox
108 116 0.101715871 ubox
109 113 0.076018102 ubox
109 115 0.102629490 ubox
