1 16 0.989421624 ubox
1 46 0.003755076 ubox
1 52 0.005520281 ubox
1 109 0.003824192 ubox
1 114 0.007014822 ubox
1 116 0.015708304 ubox
2 15 0.999763610 ubox
2 102 0.004184147 ubox
2 108 0.003690001 ubox
2 113 0.006069353 ubox
2 115 0.013459952 ubox
3 14 0.999927846 ubox
3 101 0.004187795 ubox
3 107 0.003642028 ubox
4 13 0.999617056 ubox
4 16 0.003169249 ubox
4 109 0.004507042 ubox
5 12 0.999964624 ubox
5 15 0.003198810 ubox
5 99 0.004410281 ubox
5 108 0.004511468 ubox
6 11 0.999651550 ubox
6 14 0.003199048 ubox
6 98 0.004415709 ubox
6 107 0.004511205 ubox
7 97 0.004390843 ubox
7 106 0.004409005 ubox
8 96 0.004385367 ubox
8 105 0.004254095 ubox
9 95 0.004016084 ubox
10 89 0.003681866 ubox
11 88 0.003832142 ubox
12 87 0.004464645 ubox
13 86 0.004515673 ubox
14 47 0.005281258 ubox
14 85 0.004559409 ubox
15 46 0.010753891 ubox
15 84 0.004505524 ubox
16 44 0.131634452 ubox
16 48 0.007303134 ubox
16 53 0.049559448 ubox
16 115 0.003489110 ubox
17 25 0.005483046 ubox
17 43 0.600532616 ubox
17 46 0.724542990 ubox
17 47 0.006610004 ubox
17 52 0.210479593 ubox
17 104 0.006175126 ubox
17 109 0.007726602 ubox
17 114 0.008230708 ubox
17 116 0.018938591 ubox
18 24 0.005600749 ubox
18 41 0.072284374 ubox
18 42 0.588176924 ubox
18 45 0.725362792 ubox
18 49 0.013570649 ubox
18 51 0.210631175 ubox
18 103 0.006449622 ubox
18 108 0.007657387 ubox
18 113 0.007795500 ubox
18 115 0.018089614 ubox
19 23 0.005583938 ubox
19 40 0.074309751 ubox
19 44 0.724870331 ubox
19 48 0.014522415 ubox
19 50 0.210515244 ubox
19 53 0.003190207 ubox
19 102 0.006491509 ubox
19 107 0.007555900 ubox
20 39 0.060727170 ubox
20 40 0.996116099 ubox
20 101 0.005376025 ubox
21 38 0.042947867 ubox
21 39 0.998035677 ubox
21 40 0.006043543 ubox
21 99 0.004086514 ubox
22 38 0.998955807 ubox
22 39 0.004298264 ubox
22 98 0.004086392 ubox
23 37 0.999878578 ubox
23 97 0.004012202 ubox
24 36 0.999683121 ubox
24 96 0.003959106 ubox
25 35 0.998610455 ubox
25 53 0.011071831 ubox
26 36 0.013268586 ubox
26 52 0.011503704 ubox
26 92 0.003958958 ubox
27 34 0.997329454 ubox
27 35 0.018285898 ubox
27 91 0.003956164 ubox
28 33 0.997605288 ubox
28 34 0.019750473 ubox
28 50 0.012391515 ubox
29 33 0.018059130 ubox
29 49 0.012415631 ubox
30 48 0.012412948 ubox
31 47 0.008656552 ubox
31 87 0.003821667 ubox
32 86 0.003988755 ubox
33 85 0.004001789 ubox
34 47 0.009046955 ubox
34 84 0.003959937 ubox
35 46 0.013347975 ubox
36 45 0.013389083 ubox
37 44 0.013402348 ubox
38 43 0.013376775 ubox
43 53 0.124235378 ubox
43 115 0.007614164 ubox
44 52 0.129942300 ubox
44 84 0.012219505 ubox
44 114 0.008041259 ubox
45 81 0.028578515 ubox
45 83 0.012069372 ubox
46 54 0.022446501 ubox
46 80 0.028982315 ubox
47 53 0.059928183 ubox
47 80 0.054862036 ubox
47 82 0.012504630 ubox
47 117 0.006276258 ubox
48 52 0.070004770 ubox
48 79 0.278287531 ubox
48 81 0.013517488 ubox
48 84 0.003512565 ubox
48 116 0.007129904 ubox
49 78 0.281288091 ubox
49 83 0.003455104 ubox
50 77 0.281479331 ubox
50 79 0.075709120 ubox
51 78 0.076440241 ubox
51 81 0.004753119 ubox
52 70 0.004291773 ubox
52 76 0.265062592 ubox
52 80 0.005071491 ubox
52 115 0.006604186 ubox
53 69 0.004369962 ubox
53 75 0.222293039 ubox
53 79 0.005149709 ubox
53 114 0.006590990 ubox
54 68 0.004370423 ubox
54 74 0.157277028 ubox
54 75 0.974035274 ubox
55 67 0.004369323 ubox
55 74 0.987535067 ubox
56 66 0.004374056 ubox
56 73 0.999954461 ubox
57 65 0.004372450 ubox
57 72 0.999815328 ubox
58 64 0.004367227 ubox
58 71 0.999982625 ubox
59 70 0.999972462 ubox
60 69 0.999966472 ubox
61 68 0.998747011 ubox
62 66 0.055398143 ubox
75 115 0.003384564 ubox
76 109 0.014591662 ubox
76 114 0.020411031 ubox
76 116 0.953427939 ubox
77 108 0.014545816 ubox
77 113 0.019783331 ubox
77 115 0.953960209 ubox
78 107 0.006902981 ubox
78 108 0.003205237 ubox
78 117 0.007138614 ubox
79 107 0.013425453 ubox
79 113 0.953016525 ubox
79 115 0.064315950 ubox
80 92 0.013848725 ubox
80 104 0.005027527 ubox
80 106 0.013720552 ubox
80 109 0.006846516 ubox
80 112 0.959457436 ubox
80 114 0.265523470 ubox
80 116 0.013161956 ubox
81 91 0.013867433 ubox
81 103 0.005286240 ubox
81 108 0.005085038 ubox
81 111 0.960348243 ubox
81 113 0.265740019 ubox
81 115 0.012599184 ubox
82 90 0.013748236 ubox
82 104 0.027264230 ubox
82 110 0.944910516 ubox
82 112 0.264621790 ubox
83 100 0.025598906 ubox
83 103 0.029157351 ubox
83 108 0.006371613 ubox
83 111 0.235941302 ubox
84 99 0.027124632 ubox
84 102 0.029446444 ubox
84 107 0.005696705 ubox
84 108 0.997406607 ubox
85 98 0.027132477 ubox
85 101 0.029384818 ubox
85 107 0.998569747 ubox
85 113 0.013090071 ubox
86 97 0.026686874 ubox
86 104 0.019598451 ubox
86 106 0.994977947 ubox
86 112 0.013127654 ubox
87 99 0.009487584 ubox
87 100 0.025649749 ubox
87 101 0.005937864 ubox
87 102 0.016660781 ubox
87 103 0.035560889 ubox
87 111 0.012618833 ubox
88 98 0.009191922 ubox
88 99 0.025731838 ubox
88 100 0.007075806 ubox
88 101 0.017202653 ubox
88 102 0.036625329 ubox
88 103 0.063967919 ubox
89 98 0.025541158 ubox
89 99 0.007253231 ubox
89 100 0.018110351 ubox
89 101 0.031323535 ubox
89 102 0.062056191 ubox
89 103 0.881184994 ubox
89 107 0.003652363 ubox
90 98 0.007041836 ubox
90 99 0.018205273 ubox
90 100 0.030920325 ubox
90 101 0.036576053 ubox
90 102 0.810253706 ubox
90 115 0.004692962 ubox
90 117 0.007809507 ubox
91 97 0.005081906 ubox
91 109 0.017393011 ubox
91 114 0.006438422 ubox
91 116 0.009915537 ubox
92 99 0.085892492 ubox
92 101 0.973248711 ubox
92 102 0.019458591 ubox
92 108 0.017409906 ubox
92 113 0.006438037 ubox
92 115 0.009908529 ubox
93 98 0.076568257 ubox
93 99 0.052677705 ubox
93 100 0.978219694 ubox
93 101 0.014568882 ubox
93 102 0.006169504 ubox
93 103 0.151191111 ubox
93 107 0.010805295 ubox
94 98 0.058124673 ubox
94 99 0.975042151 ubox
94 101 0.010442600 ubox
94 102 0.160295902 ubox
95 101 0.160488760 ubox
95 102 0.003510834 ubox
96 100 0.145304743 ubox
96 101 0.003418029 ubox
101 110 0.003806933 ubox
102 109 0.003947198 ubox
106 115 0.005163726 ubox
106 117 0.012975892 ubox
107 114 0.007525816 ubox
107 116 0.016357069 ubox
108 114 0.023403570 ubox
108 116 0.033287740 ubox
109 113 0.023346184 ubox
109 115 0.033606143 ubox
