1 16 0.986277483 ubox
1 46 0.004975394 ubox
1 52 0.006920716 ubox
1 109 0.014606921 ubox
1 114 0.019609302 ubox
1 116 0.028097733 ubox
2 15 0.998987371 ubox
2 102 0.014299926 ubox
2 108 0.014406669 ubox
2 113 0.018467509 ubox
2 115 0.024819484 ubox
3 14 0.999498122 ubox
3 17 0.007010218 ubox
3 101 0.014330749 ubox
3 107 0.014206102 ubox
3 113 0.006115000 ubox
4 13 0.999112838 ubox
4 16 0.010037294 ubox
4 106 0.010017584 ubox
4 109 0.018386245 ubox
5 12 0.999591267 ubox
5 15 0.010182449 ubox
5 34 0.004406013 ubox
5 99 0.015727651 ubox
5 102 0.006996665 ubox
5 108 0.018424244 ubox
6 11 0.999034087 ubox
6 14 0.010183782 ubox
6 33 0.004626624 ubox
6 98 0.015762012 ubox
6 101 0.006998795 ubox
6 107 0.018422305 ubox
7 13 0.008557285 ubox
7 32 0.004581254 ubox
7 97 0.015592574 ubox
7 106 0.017872451 ubox
8 96 0.015515136 ubox
8 105 0.016831943 ubox
9 30 0.006365234 ubox
9 90 0.011185524 ubox
9 94 0.006234336 ubox
9 95 0.014099368 ubox
9 97 0.007484914 ubox
9 104 0.008092738 ubox
10 29 0.006372889 ubox
10 89 0.013719734 ubox
10 93 0.008703375 ubox
10 96 0.007940259 ubox
11 28 0.006270337 ubox
11 47 0.003926687 ubox
11 88 0.014356730 ubox
11 92 0.008550094 ubox
11 93 0.010027950 ubox
11 94 0.004303764 ubox
11 95 0.008021222 ubox
12 27 0.006236906 ubox
12 46 0.004538551 ubox
12 87 0.016721224 ubox
12 92 0.010598517 ubox
12 94 0.008014382 ubox
13 26 0.006200440 ubox
13 45 0.004277243 ubox
13 86 0.017020877 ubox
13 91 0.010268432 ubox
14 25 0.005977907 ubox
14 28 0.004907368 ubox
14 47 0.011627040 ubox
14 85 0.017203688 ubox
14 90 0.006864874 ubox
14 93 0.007382571 ubox
15 27 0.005283596 ubox
15 46 0.019211135 ubox
15 84 0.016852194 ubox
15 89 0.004645868 ubox
15 92 0.007907184 ubox
15 114 0.003754063 ubox
15 116 0.008693206 ubox
16 23 0.005625658 ubox
16 26 0.005422512 ubox
16 44 0.147745155 ubox
16 48 0.009739709 ubox
16 53 0.050922747 ubox
16 91 0.007806083 ubox
16 113 0.003971416 ubox
16 115 0.009687167 ubox
17 22 0.005757195 ubox
17 25 0.007941861 ubox
17 43 0.587403764 ubox
17 46 0.701822685 ubox
17 47 0.009172578 ubox
17 52 0.195307465 ubox
17 77 0.004829232 ubox
17 104 0.020367884 ubox
17 109 0.029552676 ubox
17 112 0.005222179 ubox
17 114 0.020939608 ubox
17 116 0.038052521 ubox
18 24 0.008034924 ubox
18 41 0.097881030 ubox
18 42 0.570955880 ubox
18 45 0.703489103 ubox
18 49 0.018107298 ubox
18 51 0.195598822 ubox
18 76 0.004562991 ubox
18 103 0.021613441 ubox
18 108 0.029319514 ubox
18 111 0.005222280 ubox
18 113 0.019687377 ubox
18 115 0.035864509 ubox
18 117 0.004370955 ubox
19 23 0.007961206 ubox
19 40 0.101326738 ubox
19 44 0.702840854 ubox
19 48 0.019831194 ubox
19 50 0.195445540 ubox
19 53 0.004986576 ubox
19 102 0.021863191 ubox
19 107 0.028745059 ubox
20 39 0.082860937 ubox
20 40 0.992536198 ubox
20 101 0.017987751 ubox
21 38 0.058624949 ubox
21 39 0.996202022 ubox
21 40 0.008478539 ubox
21 99 0.013496158 ubox
21 108 0.009684476 ubox
22 38 0.997922707 ubox
22 39 0.006072626 ubox
22 98 0.013495388 ubox
22 107 0.009851549 ubox
23 37 0.999628236 ubox
23 97 0.013134433 ubox
23 106 0.009816903 ubox
24 36 0.999160384 ubox
24 96 0.012785597 ubox
24 105 0.009599041 ubox
25 35 0.996881151 ubox
25 53 0.014210230 ubox
26 36 0.023869007 ubox
26 52 0.014574615 ubox
26 92 0.012971892 ubox
27 34 0.993735630 ubox
27 35 0.032926178 ubox
27 91 0.012957343 ubox
27 102 0.009934360 ubox
28 33 0.994205555 ubox
28 34 0.035379675 ubox
28 50 0.015964346 ubox
28 101 0.009937539 ubox
29 33 0.031721160 ubox
29 49 0.016052024 ubox
29 100 0.009828655 ubox
30 48 0.016048508 ubox
30 99 0.009436436 ubox
31 47 0.011379458 ubox
31 87 0.012428643 ubox
31 97 0.003891141 ubox
32 86 0.013231243 ubox
33 85 0.013312763 ubox
33 95 0.005438946 ubox
33 96 0.007048025 ubox
34 47 0.013164322 ubox
34 84 0.013133752 ubox
34 94 0.005402314 ubox
34 95 0.007167060 ubox
35 46 0.022669290 ubox
35 83 0.003577019 ubox
35 92 0.003347190 ubox
35 93 0.003179950 ubox
35 94 0.006856239 ubox
36 45 0.022852497 ubox
37 44 0.022972331 ubox
37 91 0.006529935 ubox
38 43 0.022867969 ubox
38 90 0.006471923 ubox
39 85 0.004079020 ubox
39 89 0.006087420 ubox
40 84 0.004165730 ubox
40 88 0.006046713 ubox
41 83 0.004234965 ubox
41 87 0.006038752 ubox
41 88 0.003436408 ubox
42 81 0.009150785 ubox
42 87 0.003353624 ubox
43 53 0.108740576 ubox
43 80 0.009472068 ubox
43 107 0.007221836 ubox
43 113 0.003505833 ubox
43 115 0.017154603 ubox
44 52 0.111748575 ubox
44 79 0.008586019 ubox
44 84 0.032737541 ubox
44 106 0.007047693 ubox
44 114 0.017793742 ubox
45 78 0.007428170 ubox
45 81 0.051150663 ubox
45 83 0.032253814 ubox
45 105 0.006131469 ubox
46 54 0.019923706 ubox
46 80 0.052039842 ubox
46 108 0.003579588 ubox
47 53 0.058882212 ubox
47 80 0.128495277 ubox
47 82 0.039876766 ubox
47 86 0.004145781 ubox
47 107 0.003534791 ubox
47 115 0.006533084 ubox
47 117 0.014298910 ubox
48 52 0.065949058 ubox
48 75 0.003199706 ubox
48 79 0.370136391 ubox
48 81 0.042346314 ubox
48 84 0.010495487 ubox
48 85 0.003993405 ubox
48 114 0.006771674 ubox
48 116 0.016342560 ubox
49 78 0.375173072 ubox
49 83 0.010454220 ubox
50 77 0.375256610 ubox
50 79 0.139657160 ubox
51 78 0.141603062 ubox
51 81 0.013471733 ubox
52 70 0.009038110 ubox
52 76 0.351037205 ubox
52 80 0.014502641 ubox
52 115 0.011784751 ubox
53 69 0.009280498 ubox
53 75 0.294082420 ubox
53 79 0.014664409 ubox
53 114 0.011746594 ubox
54 68 0.009282405 ubox
54 74 0.208190784 ubox
54 75 0.954175745 ubox
54 78 0.003685663 ubox
55 67 0.009278925 ubox
55 74 0.978013357 ubox
56 66 0.009292352 ubox
56 73 0.999834971 ubox
57 65 0.009285482 ubox
57 72 0.999673939 ubox
58 64 0.009265451 ubox
58 71 0.999938635 ubox
59 70 0.999924329 ubox
60 68 0.004825189 ubox
60 69 0.999889159 ubox
61 67 0.005559903 ubox
61 68 0.997066098 ubox
62 66 0.078162902 ubox
71 116 0.006321626 ubox
72 115 0.006328828 ubox
73 114 0.006341100 ubox
74 113 0.006320889 ubox
75 115 0.007025317 ubox
76 109 0.028502615 ubox
76 114 0.035634121 ubox
76 116 0.907482296 ubox
77 108 0.028412332 ubox
77 113 0.034352120 ubox
77 115 0.908341264 ubox
78 107 0.015861636 ubox
78 108 0.007176193 ubox
78 117 0.015350347 ubox
79 107 0.024729914 ubox
79 113 0.906988041 ubox
79 115 0.104193836 ubox
80 92 0.028331578 ubox
80 104 0.013544326 ubox
80 106 0.024331139 ubox
80 109 0.014734217 ubox
80 112 0.917604999 ubox
80 114 0.346418610 ubox
80 116 0.025901661 ubox
81 91 0.028428819 ubox
81 103 0.014823481 ubox
81 107 0.004242046 ubox
81 108 0.010941544 ubox
81 111 0.919774005 ubox
81 113 0.347234020 ubox
81 115 0.024809449 ubox
82 90 0.028052274 ubox
82 104 0.049780531 ubox
82 106 0.003915093 ubox
82 110 0.899223780 ubox
82 112 0.344657135 ubox
83 100 0.069484320 ubox
83 103 0.054298272 ubox
83 108 0.011793741 ubox
83 111 0.303741846 ubox
84 99 0.075031771 ubox
84 102 0.055210444 ubox
84 107 0.011389184 ubox
84 108 0.987903749 ubox
85 91 0.007187122 ubox
85 98 0.075079643 ubox
85 101 0.054987847 ubox
85 107 0.990461786 ubox
85 113 0.032407321 ubox
86 90 0.005952084 ubox
86 97 0.073339722 ubox
86 104 0.028468292 ubox
86 106 0.980787856 ubox
86 112 0.032551977 ubox
87 99 0.021002026 ubox
87 100 0.041017029 ubox
87 101 0.009392961 ubox
87 102 0.025409483 ubox
87 103 0.052428629 ubox
87 108 0.005367299 ubox
87 111 0.030765990 ubox
88 98 0.019846267 ubox
88 99 0.041254735 ubox
88 100 0.012504831 ubox
88 101 0.026672119 ubox
88 102 0.054292247 ubox
88 103 0.079616542 ubox
88 107 0.007195922 ubox
88 108 0.007608444 ubox
89 98 0.040569368 ubox
89 99 0.012965047 ubox
89 100 0.029628717 ubox
89 101 0.044598807 ubox
89 102 0.076052682 ubox
89 103 0.742965892 ubox
89 107 0.010096414 ubox
89 108 0.004629324 ubox
90 98 0.012149813 ubox
90 99 0.029905631 ubox
90 100 0.043996740 ubox
90 101 0.040938360 ubox
90 102 0.650091819 ubox
90 107 0.005425210 ubox
90 111 0.005181089 ubox
90 115 0.016361526 ubox
90 117 0.022875162 ubox
91 97 0.009161616 ubox
91 106 0.007806451 ubox
91 109 0.046502901 ubox
91 114 0.021767055 ubox
91 116 0.029166470 ubox
92 99 0.103148421 ubox
92 101 0.941676912 ubox
92 102 0.032358299 ubox
92 108 0.046592719 ubox
92 113 0.021762669 ubox
92 115 0.029132965 ubox
93 98 0.093014564 ubox
93 99 0.057233157 ubox
93 100 0.948087513 ubox
93 101 0.024356341 ubox
93 102 0.010602269 ubox
93 103 0.240068169 ubox
93 107 0.029144225 ubox
94 98 0.066017203 ubox
94 99 0.943456009 ubox
94 101 0.016310880 ubox
94 102 0.255410828 ubox
94 108 0.006265387 ubox
95 101 0.255631207 ubox
95 102 0.007254234 ubox
95 107 0.006386246 ubox
96 100 0.228347619 ubox
96 101 0.007086944 ubox
96 103 0.004667234 ubox
97 102 0.004973551 ubox
97 111 0.006500910 ubox
98 110 0.006779804 ubox
99 106 0.004575869 ubox
99 109 0.006759141 ubox
100 105 0.004384461 ubox
100 110 0.006642999 ubox
101 109 0.007722921 ubox
101 110 0.009423114 ubox
102 109 0.009860231 ubox
103 112 0.004466906 ubox
104 111 0.004824542 ubox
105 117 0.006401163 ubox
106 115 0.014498851 ubox
106 117 0.029948983 ubox
107 114 0.020848138 ubox
107 116 0.037666360 ubox
108 114 0.052514166 ubox
108 116 0.071108239 ubox
109 113 0.052242127 ubox
109 115 0.071723918 ubox
