1 16 0.989093221 ubox
1 46 0.003895141 ubox
1 52 0.005694824 ubox
1 109 0.004506083 ubox
1 114 0.007868576 ubox
1 116 0.016835687 ubox
2 15 0.999723575 ubox
2 102 0.004889744 ubox
2 108 0.004364028 ubox
2 113 0.006898314 ubox
2 115 0.014474183 ubox
3 14 0.999912348 ubox
3 101 0.004894575 ubox
3 107 0.004306395 ubox
4 13 0.999591029 ubox
4 16 0.003638889 ubox
4 109 0.005388988 ubox
5 12 0.999952911 ubox
5 15 0.003674590 ubox
5 99 0.005177941 ubox
5 108 0.005394819 ubox
6 11 0.999615834 ubox
6 14 0.003674872 ubox
6 98 0.005184808 ubox
6 107 0.005394479 ubox
7 97 0.005153230 ubox
7 106 0.005267699 ubox
8 96 0.005145521 ubox
8 105 0.005069866 ubox
9 90 0.003497491 ubox
9 95 0.004706893 ubox
10 89 0.004364276 ubox
11 88 0.004544695 ubox
11 93 0.003459401 ubox
12 87 0.005290381 ubox
12 92 0.003596698 ubox
13 86 0.005353982 ubox
13 91 0.003510063 ubox
14 47 0.005744750 ubox
14 85 0.005406186 ubox
15 46 0.011455989 ubox
15 84 0.005337567 ubox
15 116 0.003502210 ubox
16 44 0.133496933 ubox
16 48 0.007591724 ubox
16 53 0.049883843 ubox
16 115 0.003949288 ubox
17 25 0.005641084 ubox
17 43 0.599295742 ubox
17 46 0.722591335 ubox
17 47 0.006898671 ubox
17 52 0.209121436 ubox
17 104 0.007212253 ubox
17 109 0.009168359 ubox
17 114 0.009207595 ubox
17 116 0.020673396 ubox
18 24 0.005757793 ubox
18 41 0.075038229 ubox
18 42 0.586461481 ubox
18 45 0.723490671 ubox
18 49 0.014117484 ubox
18 51 0.209286908 ubox
18 103 0.007546273 ubox
18 108 0.009088022 ubox
18 113 0.008712820 ubox
18 115 0.019717280 ubox
19 23 0.005737604 ubox
19 40 0.077217554 ubox
19 44 0.722975377 ubox
19 48 0.015147249 ubox
19 50 0.209165797 ubox
19 53 0.003388416 ubox
19 102 0.007599094 ubox
19 107 0.008961351 ubox
20 39 0.063107489 ubox
20 40 0.995798314 ubox
20 101 0.006288300 ubox
21 38 0.044632597 ubox
21 39 0.997874654 ubox
21 40 0.006307458 ubox
21 99 0.004772990 ubox
21 108 0.003377073 ubox
22 38 0.998868779 ubox
22 39 0.004488579 ubox
22 98 0.004772837 ubox
22 107 0.003434610 ubox
23 37 0.999864509 ubox
23 97 0.004682032 ubox
23 106 0.003428063 ubox
24 36 0.999647168 ubox
24 96 0.004614596 ubox
24 105 0.003383190 ubox
25 35 0.998466627 ubox
25 53 0.011454497 ubox
26 36 0.014302223 ubox
26 52 0.011874055 ubox
26 92 0.004622484 ubox
27 34 0.997030917 ubox
27 35 0.019713065 ubox
27 91 0.004619013 ubox
27 102 0.003459062 ubox
28 33 0.997326316 ubox
28 34 0.021277739 ubox
28 50 0.012804120 ubox
28 101 0.003459651 ubox
29 33 0.019410228 ubox
29 49 0.012832106 ubox
29 100 0.003432100 ubox
30 48 0.012829177 ubox
30 99 0.003318848 ubox
31 47 0.008966165 ubox
31 87 0.004456886 ubox
32 86 0.004661669 ubox
33 85 0.004678162 ubox
34 47 0.009391660 ubox
34 84 0.004627626 ubox
35 46 0.014032876 ubox
36 45 0.014081009 ubox
37 44 0.014098633 ubox
38 43 0.014068546 ubox
43 53 0.122437836 ubox
43 80 0.003229861 ubox
43 115 0.008398924 ubox
44 52 0.127818154 ubox
44 84 0.013805065 ubox
44 114 0.008840784 ubox
45 81 0.030635996 ubox
45 83 0.013631712 ubox
46 54 0.022112234 ubox
46 80 0.031079316 ubox
47 53 0.059880777 ubox
47 80 0.060983518 ubox
47 82 0.014452794 ubox
47 117 0.006948339 ubox
48 52 0.069572308 ubox
48 79 0.287936065 ubox
48 81 0.015591471 ubox
48 84 0.004025212 ubox
48 116 0.007912929 ubox
49 78 0.291158449 ubox
49 83 0.003965044 ubox
50 77 0.291354935 ubox
50 79 0.081742850 ubox
51 78 0.082576272 ubox
51 81 0.005414303 ubox
52 70 0.004718075 ubox
52 76 0.274134062 ubox
52 80 0.005782652 ubox
52 115 0.007109530 ubox
53 69 0.004808347 ubox
53 75 0.229914719 ubox
53 79 0.005869210 ubox
53 114 0.007094337 ubox
54 68 0.004808897 ubox
54 74 0.162678375 ubox
54 75 0.972208280 ubox
55 67 0.004807622 ubox
55 74 0.986656270 ubox
56 66 0.004813024 ubox
56 73 0.999946652 ubox
57 65 0.004811096 ubox
57 72 0.999802302 ubox
58 64 0.004804897 ubox
58 71 0.999979734 ubox
59 70 0.999969065 ubox
60 69 0.999961584 ubox
61 68 0.998603680 ubox
62 66 0.057897353 ubox
71 116 0.003349450 ubox
72 115 0.003350932 ubox
73 114 0.003355221 ubox
74 113 0.003349441 ubox
75 115 0.003705872 ubox
76 109 0.015874496 ubox
76 114 0.021947057 ubox
76 116 0.949543148 ubox
77 108 0.015823955 ubox
77 113 0.021257621 ubox
77 115 0.950113416 ubox
78 107 0.007637620 ubox
78 108 0.003548631 ubox
78 117 0.007868895 ubox
79 107 0.014531154 ubox
79 113 0.949122765 ubox
79 115 0.068486807 ubox
80 92 0.015166508 ubox
80 104 0.005718282 ubox
80 106 0.014761717 ubox
80 109 0.007556258 ubox
80 112 0.955982583 ubox
80 114 0.274787364 ubox
80 116 0.014386260 ubox
81 91 0.015189634 ubox
81 103 0.006040792 ubox
81 108 0.005611459 ubox
81 111 0.956966912 ubox
81 113 0.275045381 ubox
81 115 0.013775291 ubox
82 90 0.015051494 ubox
82 104 0.029380324 ubox
82 110 0.940901403 ubox
82 112 0.273799153 ubox
83 100 0.029129011 ubox
83 103 0.031486686 ubox
83 108 0.006889144 ubox
83 111 0.243768599 ubox
84 99 0.030930829 ubox
84 102 0.031819776 ubox
84 107 0.006216585 ubox
84 108 0.996910747 ubox
85 98 0.030940728 ubox
85 101 0.031746975 ubox
85 107 0.998195271 ubox
85 113 0.014742889 ubox
86 97 0.030409607 ubox
86 104 0.020652716 ubox
86 106 0.994076740 ubox
86 112 0.014788097 ubox
87 99 0.010525797 ubox
87 100 0.027297566 ubox
87 101 0.006324527 ubox
87 102 0.017710194 ubox
87 103 0.037588860 ubox
87 111 0.014188546 ubox
88 98 0.010172512 ubox
88 99 0.027392684 ubox
88 100 0.007617526 ubox
88 101 0.018316971 ubox
88 102 0.038745250 ubox
88 103 0.066174425 ubox
88 107 0.003198932 ubox
88 108 0.003347970 ubox
89 98 0.027167198 ubox
89 99 0.007819526 ubox
89 100 0.019373448 ubox
89 101 0.032964061 ubox
89 102 0.064084098 ubox
89 103 0.867477472 ubox
89 107 0.004162309 ubox
90 98 0.007566525 ubox
90 99 0.019481406 ubox
90 100 0.032529525 ubox
90 101 0.037284151 ubox
90 102 0.793377212 ubox
90 115 0.005536881 ubox
90 117 0.009009876 ubox
91 97 0.005479923 ubox
91 106 0.003547410 ubox
91 109 0.019787654 ubox
91 114 0.007565130 ubox
91 116 0.011445685 ubox
92 99 0.088419984 ubox
92 101 0.970406746 ubox
92 102 0.020917509 ubox
92 108 0.019808638 ubox
92 113 0.007564598 ubox
92 115 0.011437101 ubox
93 98 0.078941321 ubox
93 99 0.053546109 ubox
93 100 0.975610284 ubox
93 101 0.015675829 ubox
93 102 0.006647131 ubox
93 103 0.161201364 ubox
93 107 0.012305078 ubox
94 98 0.059332198 ubox
94 99 0.972271242 ubox
94 101 0.011107208 ubox
94 102 0.170924893 ubox
95 101 0.171123514 ubox
95 102 0.003832109 ubox
96 100 0.154679620 ubox
96 101 0.003735305 ubox
101 110 0.004294605 ubox
102 109 0.004458059 ubox
106 115 0.005885065 ubox
106 117 0.014414931 ubox
107 114 0.008564299 ubox
107 116 0.018164541 ubox
108 114 0.025898864 ubox
108 116 0.036583403 ubox
109 113 0.025826489 ubox
109 115 0.036925365 ubox
