1 16 0.987636371 ubox
1 46 0.004491817 ubox
1 52 0.006402686 ubox
1 109 0.008796215 ubox
1 114 0.012999542 ubox
1 116 0.022394226 ubox
2 15 0.999447998 ubox
2 102 0.009066868 ubox
2 108 0.008620623 ubox
2 113 0.011935587 ubox
2 115 0.019533165 ubox
3 14 0.999779200 ubox
3 17 0.004624611 ubox
3 101 0.009081107 ubox
3 107 0.008502148 ubox
3 113 0.003772269 ubox
4 13 0.999417374 ubox
4 16 0.006434806 ubox
4 106 0.005754148 ubox
4 109 0.010928552 ubox
5 12 0.999841916 ubox
5 15 0.006513405 ubox
5 99 0.009801887 ubox
5 102 0.004072151 ubox
5 108 0.010945783 ubox
6 11 0.999391311 ubox
6 14 0.006514040 ubox
6 98 0.009819256 ubox
6 101 0.004073693 ubox
6 107 0.010944854 ubox
7 13 0.005442339 ubox
7 97 0.009736770 ubox
7 106 0.010648882 ubox
8 96 0.009707411 ubox
8 105 0.010132068 ubox
9 30 0.003855696 ubox
9 90 0.006882647 ubox
9 94 0.003837787 ubox
9 95 0.008843839 ubox
9 97 0.004363350 ubox
9 104 0.004920647 ubox
10 29 0.003858948 ubox
10 89 0.008489944 ubox
10 93 0.005372922 ubox
10 96 0.004563089 ubox
11 28 0.003801944 ubox
11 88 0.008863718 ubox
11 92 0.005280317 ubox
11 93 0.006393753 ubox
11 95 0.004597637 ubox
12 27 0.003783241 ubox
12 87 0.010305660 ubox
12 92 0.006705992 ubox
12 94 0.004593381 ubox
13 26 0.003763825 ubox
13 86 0.010459758 ubox
13 91 0.006517892 ubox
14 25 0.003636242 ubox
14 47 0.008396295 ubox
14 85 0.010566250 ubox
14 90 0.004410019 ubox
14 93 0.004149777 ubox
15 27 0.003480254 ubox
15 46 0.015102227 ubox
15 84 0.010389339 ubox
15 92 0.004424928 ubox
15 116 0.005848508 ubox
16 23 0.003455021 ubox
16 26 0.003624942 ubox
16 44 0.141243001 ubox
16 48 0.008799654 ubox
16 53 0.050796429 ubox
16 91 0.004366257 ubox
16 115 0.006548706 ubox
17 22 0.003625107 ubox
17 25 0.006585823 ubox
17 43 0.593280908 ubox
17 46 0.712472913 ubox
17 47 0.008147225 ubox
17 52 0.202314152 ubox
17 77 0.003646257 ubox
17 104 0.013200690 ubox
17 109 0.018038670 ubox
17 112 0.003455759 ubox
17 114 0.014604515 ubox
17 116 0.029315341 ubox
18 24 0.006693153 ubox
18 41 0.087330536 ubox
18 42 0.578432285 ubox
18 45 0.713761224 ubox
18 49 0.016384760 ubox
18 51 0.202545366 ubox
18 76 0.003465718 ubox
18 103 0.013918723 ubox
18 108 0.017891660 ubox
18 111 0.003466292 ubox
18 113 0.013768836 ubox
18 115 0.027778961 ubox
18 117 0.003427157 ubox
19 23 0.006651477 ubox
19 40 0.090175281 ubox
19 44 0.713160592 ubox
19 48 0.017778861 ubox
19 50 0.202404376 ubox
19 53 0.004262080 ubox
19 102 0.014049100 ubox
19 107 0.017587951 ubox
20 39 0.073719842 ubox
20 40 0.994198631 ubox
20 101 0.011586657 ubox
21 38 0.052146936 ubox
21 39 0.997059612 ubox
21 40 0.007470700 ubox
21 99 0.008736935 ubox
21 108 0.006147558 ubox
22 38 0.998418899 ubox
22 39 0.005332755 ubox
22 98 0.008736552 ubox
22 107 0.006251949 ubox
23 37 0.999772940 ubox
23 97 0.008535088 ubox
23 106 0.006234958 ubox
24 36 0.999437800 ubox
24 96 0.008361266 ubox
24 105 0.006124206 ubox
25 35 0.997713873 ubox
25 53 0.013023425 ubox
26 36 0.019218220 ubox
26 52 0.013405042 ubox
26 92 0.008436209 ubox
27 34 0.995458992 ubox
27 35 0.026501933 ubox
27 91 0.008428184 ubox
27 102 0.006299662 ubox
28 33 0.995845480 ubox
28 34 0.028530946 ubox
28 50 0.014553328 ubox
28 101 0.006301197 ubox
29 33 0.025776117 ubox
29 49 0.014605431 ubox
29 100 0.006240683 ubox
30 48 0.014601639 ubox
30 99 0.006010352 ubox
31 47 0.010290953 ubox
31 87 0.008100073 ubox
32 86 0.008552813 ubox
33 85 0.008594354 ubox
33 95 0.003495448 ubox
33 96 0.004620901 ubox
34 47 0.011135825 ubox
34 84 0.008488992 ubox
34 94 0.003470358 ubox
34 95 0.004678923 ubox
35 46 0.017861483 ubox
35 94 0.004490437 ubox
36 45 0.017960417 ubox
37 44 0.018014596 ubox
37 91 0.004474073 ubox
38 43 0.017955066 ubox
38 90 0.004450116 ubox
39 89 0.004266596 ubox
40 88 0.004244234 ubox
41 87 0.004205967 ubox
42 81 0.005785546 ubox
43 53 0.114911820 ubox
43 80 0.005992426 ubox
43 107 0.004420519 ubox
43 115 0.012557038 ubox
44 52 0.118972593 ubox
44 79 0.005551999 ubox
44 84 0.022634206 ubox
44 106 0.004340873 ubox
44 114 0.013082395 ubox
45 78 0.004819258 ubox
45 81 0.040872989 ubox
45 83 0.022322275 ubox
45 105 0.003862064 ubox
46 54 0.020843412 ubox
46 80 0.041526518 ubox
47 53 0.059502238 ubox
47 80 0.093346527 ubox
47 82 0.025847504 ubox
47 115 0.004519225 ubox
47 117 0.010523875 ubox
48 52 0.067681501 ubox
48 79 0.331217757 ubox
48 81 0.027640611 ubox
48 84 0.006971915 ubox
48 114 0.004733463 ubox
48 116 0.012023324 ubox
49 78 0.335433249 ubox
49 83 0.006909485 ubox
50 77 0.335612628 ubox
50 79 0.110988421 ubox
51 78 0.112364699 ubox
51 81 0.009132236 ubox
52 70 0.006861157 ubox
52 76 0.314735546 ubox
52 80 0.009795731 ubox
52 115 0.009514511 ubox
53 69 0.007020482 ubox
53 75 0.263900827 ubox
53 79 0.009921618 ubox
53 114 0.009488279 ubox
54 68 0.007021600 ubox
54 74 0.186775347 ubox
54 75 0.963250671 ubox
55 67 0.007019324 ubox
55 74 0.982357986 ubox
56 66 0.007028438 ubox
56 73 0.999898727 ubox
57 65 0.007024442 ubox
57 72 0.999738540 ubox
58 64 0.007012254 ubox
58 71 0.999962031 ubox
59 70 0.999949275 ubox
60 68 0.003719527 ubox
60 69 0.999931154 ubox
61 67 0.004299639 ubox
61 68 0.997859004 ubox
62 66 0.068858078 ubox
71 116 0.004823805 ubox
72 115 0.004827559 ubox
73 114 0.004835480 ubox
74 113 0.004823543 ubox
75 115 0.005345290 ubox
76 109 0.022204949 ubox
76 114 0.029118906 ubox
76 116 0.929461957 ubox
77 108 0.022132805 ubox
77 113 0.028127625 ubox
77 115 0.930195485 ubox
78 107 0.011566558 ubox
78 108 0.005316090 ubox
78 117 0.011617961 ubox
79 107 0.019787413 ubox
79 113 0.929003360 ubox
79 115 0.087501659 ubox
80 92 0.021736227 ubox
80 104 0.009445243 ubox
80 106 0.019702248 ubox
80 109 0.011126110 ubox
80 112 0.937819363 ubox
80 114 0.314456774 ubox
80 116 0.020298825 ubox
81 91 0.021789362 ubox
81 103 0.010176202 ubox
81 108 0.008259501 ubox
81 111 0.939338503 ubox
81 113 0.314962922 ubox
81 115 0.019447294 ubox
82 90 0.021542732 ubox
82 104 0.039691887 ubox
82 110 0.920693173 ubox
82 112 0.313061127 ubox
83 100 0.048268991 ubox
83 103 0.042939366 ubox
83 108 0.009395599 ubox
83 111 0.277103024 ubox
84 99 0.051726392 ubox
84 102 0.043529850 ubox
84 107 0.008805936 ubox
84 108 0.993439913 ubox
85 91 0.004586074 ubox
85 98 0.051751044 ubox
85 101 0.043390393 ubox
85 107 0.995345759 ubox
85 113 0.023374364 ubox
86 90 0.003851495 ubox
86 97 0.050694396 ubox
86 104 0.025059162 ubox
86 106 0.988472901 ubox
86 112 0.023464846 ubox
87 99 0.015752169 ubox
87 100 0.034677988 ubox
87 101 0.008005538 ubox
87 102 0.022092051 ubox
87 103 0.046032370 ubox
87 108 0.004012325 ubox
87 111 0.022331088 ubox
88 98 0.015046956 ubox
88 99 0.034843192 ubox
88 100 0.010149857 ubox
88 101 0.023024381 ubox
88 102 0.047588061 ubox
88 103 0.074441272 ubox
88 107 0.005088649 ubox
88 108 0.005389283 ubox
89 98 0.034411629 ubox
89 99 0.010480021 ubox
89 100 0.024939653 ubox
89 101 0.039664768 ubox
89 102 0.071548467 ubox
89 103 0.802183236 ubox
89 107 0.006953369 ubox
89 108 0.003253769 ubox
90 98 0.009977079 ubox
90 99 0.025123298 ubox
90 100 0.039113789 ubox
90 101 0.039682783 ubox
90 102 0.716333889 ubox
90 107 0.003744704 ubox
90 111 0.003225492 ubox
90 115 0.010461184 ubox
90 117 0.015592739 ubox
91 97 0.007365522 ubox
91 106 0.005615367 ubox
91 109 0.032630295 ubox
91 114 0.014071123 ubox
91 116 0.019850034 ubox
92 99 0.097609423 ubox
92 101 0.956213528 ubox
92 102 0.027260478 ubox
92 108 0.032679211 ubox
92 113 0.014069294 ubox
92 115 0.019831087 ubox
93 98 0.087654400 ubox
93 99 0.056201832 ubox
93 100 0.962221451 ubox
93 101 0.020490354 ubox
93 102 0.008783433 ubox
93 103 0.204456641 ubox
93 107 0.020377512 ubox
94 98 0.063569745 ubox
94 99 0.958176904 ubox
94 101 0.013981070 ubox
94 102 0.217072372 ubox
94 108 0.003996834 ubox
95 101 0.217288259 ubox
95 102 0.005486087 ubox
95 107 0.004068150 ubox
96 100 0.195099199 ubox
96 101 0.005361239 ubox
97 102 0.003262584 ubox
97 111 0.004231400 ubox
98 110 0.004381858 ubox
99 109 0.004373173 ubox
100 110 0.004360811 ubox
101 109 0.005091065 ubox
101 110 0.006818818 ubox
102 109 0.007111362 ubox
104 111 0.003281625 ubox
105 117 0.004143625 ubox
106 115 0.009905902 ubox
106 117 0.021971791 ubox
107 114 0.014325070 ubox
107 116 0.027654350 ubox
108 114 0.038919760 ubox
108 116 0.053582328 ubox
109 113 0.038757635 ubox
109 115 0.054051776 ubox
