1 16 0.989739560 ubox
1 46 0.003618696 ubox
1 52 0.005347758 ubox
1 109 0.003251042 ubox
1 114 0.006282480 ubox
1 116 0.014664432 ubox
2 15 0.999796847 ubox
2 102 0.003578391 ubox
2 113 0.005362945 ubox
2 115 0.012524488 ubox
3 14 0.999939708 ubox
3 101 0.003581131 ubox
4 13 0.999639476 ubox
4 109 0.003766916 ubox
5 12 0.999973178 ubox
5 99 0.003755256 ubox
5 108 0.003770268 ubox
6 11 0.999682525 ubox
6 98 0.003759542 ubox
6 107 0.003770064 ubox
7 97 0.003739951 ubox
7 106 0.003687789 ubox
8 96 0.003736076 ubox
8 105 0.003566694 ubox
9 95 0.003425458 ubox
11 88 0.003227423 ubox
12 87 0.003763971 ubox
13 86 0.003804933 ubox
14 47 0.004875570 ubox
14 85 0.003841589 ubox
15 46 0.010112078 ubox
15 84 0.003799351 ubox
16 44 0.129788917 ubox
16 48 0.007020882 ubox
16 53 0.049204742 ubox
17 25 0.005343460 ubox
17 43 0.601678292 ubox
17 46 0.726297802 ubox
17 47 0.006330846 ubox
17 52 0.211724737 ubox
17 104 0.005279184 ubox
17 109 0.006508916 ubox
17 114 0.007365479 ubox
17 116 0.017346205 ubox
18 24 0.005461760 ubox
18 41 0.069656761 ubox
18 42 0.589790367 ubox
18 45 0.727044346 ubox
18 49 0.013034582 ubox
18 51 0.211863384 ubox
18 103 0.005504353 ubox
18 108 0.006449242 ubox
18 113 0.006982283 ubox
18 115 0.016592399 ubox
19 23 0.005447819 ubox
19 40 0.071530401 ubox
19 44 0.726574805 ubox
19 48 0.013913281 ubox
19 50 0.211752632 ubox
19 102 0.005537495 ubox
19 107 0.006368006 ubox
20 39 0.058452362 ubox
20 40 0.996407044 ubox
20 101 0.004589403 ubox
21 38 0.041338013 ubox
21 39 0.998182851 ubox
21 40 0.005789297 ubox
21 99 0.003493276 ubox
22 38 0.999035012 ubox
22 39 0.004115283 ubox
22 98 0.003493178 ubox
23 37 0.999890560 ubox
23 97 0.003432625 ubox
24 36 0.999714572 ubox
24 96 0.003390848 ubox
25 35 0.998740446 ubox
25 53 0.010694616 ubox
26 36 0.012303949 ubox
26 52 0.011139978 ubox
26 92 0.003384898 ubox
27 34 0.997597939 ubox
27 35 0.016954101 ubox
27 91 0.003382655 ubox
28 33 0.997855330 ubox
28 34 0.018324359 ubox
28 50 0.011989171 ubox
29 33 0.016793744 ubox
29 49 0.012009977 ubox
30 48 0.012007533 ubox
31 47 0.008355545 ubox
31 87 0.003271506 ubox
32 86 0.003407570 ubox
33 85 0.003417854 ubox
34 47 0.008725519 ubox
34 84 0.003383257 ubox
35 46 0.012734313 ubox
36 45 0.012769721 ubox
37 44 0.012779721 ubox
38 43 0.012757942 ubox
43 53 0.126008422 ubox
43 115 0.006908852 ubox
44 52 0.132044105 ubox
44 84 0.010830801 ubox
44 114 0.007322474 ubox
45 81 0.026688926 ubox
45 83 0.010700434 ubox
46 54 0.022789563 ubox
46 80 0.027057175 ubox
47 53 0.059963562 ubox
47 80 0.049372191 ubox
47 82 0.010825127 ubox
47 117 0.005686432 ubox
48 52 0.070428471 ubox
48 79 0.269024165 ubox
48 81 0.011724918 ubox
48 116 0.006433303 ubox
49 78 0.271814379 ubox
50 77 0.271998433 ubox
50 79 0.070108273 ubox
51 78 0.070748438 ubox
51 81 0.004174998 ubox
52 70 0.003902255 ubox
52 76 0.256348921 ubox
52 80 0.004450484 ubox
52 115 0.006132688 ubox
53 69 0.003969933 ubox
53 75 0.214964061 ubox
53 79 0.004520930 ubox
53 114 0.006121235 ubox
54 68 0.003970319 ubox
54 74 0.152084001 ubox
54 75 0.975729564 ubox
55 67 0.003969370 ubox
55 74 0.988351028 ubox
56 66 0.003973515 ubox
56 73 0.999961137 ubox
57 65 0.003972178 ubox
57 72 0.999827400 ubox
58 64 0.003967781 ubox
58 71 0.999985099 ubox
59 70 0.999975443 ubox
60 69 0.999970614 ubox
61 68 0.998876328 ubox
62 66 0.052990189 ubox
76 109 0.013409741 ubox
76 114 0.018970307 ubox
76 116 0.956964514 ubox
77 108 0.013368279 ubox
77 113 0.018399443 ubox
77 115 0.957460299 ubox
78 107 0.006246886 ubox
78 117 0.006490530 ubox
79 107 0.012394157 ubox
79 113 0.956562067 ubox
79 115 0.060368733 ubox
80 92 0.012640916 ubox
80 104 0.004414887 ubox
80 106 0.012748972 ubox
80 109 0.006198959 ubox
80 112 0.962609085 ubox
80 114 0.256531016 ubox
80 116 0.012029781 ubox
81 91 0.012656028 ubox
81 103 0.004620817 ubox
81 108 0.004604625 ubox
81 111 0.963418162 ubox
81 113 0.256712256 ubox
81 115 0.011511171 ubox
82 90 0.012553284 ubox
82 104 0.025306413 ubox
82 110 0.948596861 ubox
82 112 0.255709859 ubox
83 100 0.022473524 ubox
83 103 0.027008897 ubox
83 108 0.005891632 ubox
83 111 0.228327274 ubox
84 99 0.023763843 ubox
84 102 0.027259946 ubox
84 107 0.005219215 ubox
84 108 0.997810858 ubox
85 98 0.023770052 ubox
85 101 0.027207858 ubox
85 107 0.998863707 ubox
85 113 0.011607823 ubox
86 97 0.023396685 ubox
86 104 0.018569475 ubox
86 106 0.995740880 ubox
86 112 0.011638935 ubox
87 99 0.008542569 ubox
87 100 0.024080811 ubox
87 101 0.005565641 ubox
87 102 0.015639208 ubox
87 103 0.033582794 ubox
87 111 0.011207855 ubox
88 98 0.008295605 ubox
88 99 0.024151395 ubox
88 100 0.006566734 ubox
88 101 0.016121934 ubox
88 102 0.034559535 ubox
88 103 0.061735558 ubox
89 98 0.023990445 ubox
89 99 0.006722216 ubox
89 100 0.016900815 ubox
89 101 0.029711637 ubox
89 102 0.059992684 ubox
89 103 0.893843074 ubox
89 107 0.003202145 ubox
90 98 0.006546154 ubox
90 99 0.016984438 ubox
90 100 0.029339406 ubox
90 101 0.035832645 ubox
90 102 0.826118882 ubox
90 115 0.003968467 ubox
90 117 0.006754724 ubox
91 97 0.004709429 ubox
91 109 0.015268495 ubox
91 114 0.005467251 ubox
91 116 0.008571745 ubox
92 99 0.083302913 ubox
92 101 0.975849746 ubox
92 102 0.018060008 ubox
92 108 0.015282074 ubox
92 113 0.005466973 ubox
92 115 0.008566035 ubox
93 98 0.074144741 ubox
93 99 0.051738796 ubox
93 100 0.980581148 ubox
93 101 0.013508144 ubox
93 102 0.005715473 ubox
93 103 0.141532947 ubox
93 107 0.009476346 ubox
94 98 0.056868260 ubox
94 99 0.977559062 ubox
94 101 0.009802549 ubox
94 102 0.150054891 ubox
95 101 0.150241574 ubox
95 102 0.003213134 ubox
96 100 0.136248352 ubox
101 110 0.003368595 ubox
102 109 0.003488631 ubox
106 115 0.004531975 ubox
106 117 0.011687245 ubox
107 114 0.006615191 ubox
107 116 0.014738476 ubox
108 114 0.021164867 ubox
108 116 0.030315609 ubox
109 113 0.021120177 ubox
109 115 0.030612904 ubox
