1 16 0.990048122 ubox
1 46 0.003485996 ubox
1 52 0.005177621 ubox
1 114 0.005652334 ubox
1 116 0.013695985 ubox
2 15 0.999824658 ubox
2 113 0.004759968 ubox
2 115 0.011659780 ubox
3 14 0.999948918 ubox
4 13 0.999659152 ubox
5 12 0.999979466 ubox
5 99 0.003196690 ubox
6 11 0.999709773 ubox
6 98 0.003200070 ubox
7 97 0.003184626 ubox
8 96 0.003181895 ubox
12 87 0.003170402 ubox
13 86 0.003203302 ubox
14 47 0.004519069 ubox
14 85 0.003234036 ubox
15 46 0.009522204 ubox
15 84 0.003200984 ubox
16 44 0.127957123 ubox
16 48 0.006745291 ubox
16 53 0.048823020 ubox
17 25 0.005218473 ubox
17 43 0.602739941 ubox
17 46 0.727870011 ubox
17 47 0.006061132 ubox
17 52 0.212866721 ubox
17 104 0.004506771 ubox
17 109 0.005481741 ubox
17 114 0.006597701 ubox
17 116 0.015884370 ubox
18 24 0.005337029 ubox
18 41 0.067154057 ubox
18 42 0.591308644 ubox
18 45 0.728549128 ubox
18 49 0.012510224 ubox
18 51 0.212993361 ubox
18 103 0.004691154 ubox
18 108 0.005430260 ubox
18 113 0.006259988 ubox
18 115 0.015215083 ubox
19 23 0.005325540 ubox
19 40 0.068877068 ubox
19 44 0.728102457 ubox
19 48 0.013320596 ubox
19 50 0.212887746 ubox
19 102 0.004717318 ubox
19 107 0.005365287 ubox
20 39 0.056281005 ubox
20 40 0.996673475 ubox
20 101 0.003912414 ubox
21 38 0.039801537 ubox
21 39 0.998317406 ubox
21 40 0.005544301 ubox
22 38 0.999107141 ubox
22 39 0.003939272 ubox
23 37 0.999900873 ubox
24 36 0.999742296 ubox
25 35 0.998858068 ubox
25 53 0.010323483 ubox
26 36 0.011404139 ubox
26 52 0.010783529 ubox
27 34 0.997839471 ubox
27 35 0.015711906 ubox
28 33 0.998079542 ubox
28 34 0.016993341 ubox
28 50 0.011597251 ubox
29 33 0.015609255 ubox
29 49 0.011615217 ubox
30 48 0.011612999 ubox
31 47 0.008063155 ubox
34 47 0.008423356 ubox
35 46 0.012178931 ubox
36 45 0.012209673 ubox
37 44 0.012217235 ubox
38 43 0.012198659 ubox
43 53 0.127760579 ubox
43 115 0.006274025 ubox
44 52 0.134128891 ubox
44 84 0.009616880 ubox
44 114 0.006675088 ubox
45 81 0.024952468 ubox
45 83 0.009503280 ubox
46 54 0.023142175 ubox
46 80 0.025288649 ubox
47 53 0.059989546 ubox
47 80 0.044447954 ubox
47 82 0.009378210 ubox
47 117 0.005169857 ubox
48 52 0.070846244 ubox
48 79 0.260113319 ubox
48 81 0.010176523 ubox
48 116 0.005814034 ubox
49 78 0.262704743 ubox
50 77 0.262880239 ubox
50 79 0.064907402 ubox
51 78 0.065466941 ubox
51 81 0.003669927 ubox
52 70 0.003546458 ubox
52 76 0.247963659 ubox
52 80 0.003908658 ubox
52 115 0.005692863 ubox
53 69 0.003604998 ubox
53 75 0.207904925 ubox
53 79 0.003971886 ubox
53 114 0.005682927 ubox
54 68 0.003605322 ubox
54 74 0.147082969 ubox
54 75 0.977303643 ubox
55 67 0.003604505 ubox
55 74 0.989110034 ubox
56 66 0.003608132 ubox
56 73 0.999966829 ubox
57 65 0.003607019 ubox
57 72 0.999838607 ubox
58 64 0.003603322 ubox
58 71 0.999987185 ubox
59 70 0.999978006 ubox
60 69 0.999974161 ubox
61 68 0.998992919 ubox
62 66 0.050670958 ubox
76 109 0.012320454 ubox
76 114 0.017620556 ubox
76 116 0.960192787 ubox
77 108 0.012283061 ubox
77 113 0.017101932 ubox
77 115 0.960653682 ubox
78 107 0.005660335 ubox
78 117 0.005916882 ubox
79 107 0.011433089 ubox
79 113 0.959799364 ubox
79 115 0.056637248 ubox
80 92 0.011534205 ubox
80 104 0.003872387 ubox
80 106 0.011843195 ubox
80 109 0.005608658 ubox
80 112 0.965475980 ubox
80 114 0.247808567 ubox
80 116 0.010984796 ubox
81 91 0.011546395 ubox
81 103 0.004034858 ubox
81 108 0.004166559 ubox
81 111 0.966213536 ubox
81 113 0.247959828 ubox
81 115 0.010506658 ubox
82 90 0.011457926 ubox
82 104 0.023495311 ubox
82 110 0.951995837 ubox
82 112 0.247062163 ubox
83 100 0.019710868 ubox
83 103 0.025027263 ubox
83 108 0.005447145 ubox
83 111 0.220926332 ubox
84 99 0.020800796 ubox
84 102 0.025245397 ubox
84 107 0.004781280 ubox
84 108 0.998141977 ubox
85 98 0.020805700 ubox
85 101 0.025201428 ubox
85 107 0.999094672 ubox
85 113 0.010281451 ubox
86 97 0.020493247 ubox
86 104 0.017568569 ubox
86 106 0.996387184 ubox
86 112 0.010307102 ubox
87 99 0.007684026 ubox
87 100 0.022590189 ubox
87 101 0.005208277 ubox
87 102 0.014649222 ubox
87 103 0.031661307 ubox
87 111 0.009942474 ubox
88 98 0.007478116 ubox
88 99 0.022650670 ubox
88 100 0.006088701 ubox
88 101 0.015078199 ubox
88 102 0.032554922 ubox
88 103 0.059491308 ubox
89 98 0.022515052 ubox
89 99 0.006224670 ubox
89 100 0.015745687 ubox
89 101 0.028134652 ubox
89 102 0.057907326 ubox
89 103 0.905470546 ubox
90 98 0.006078516 ubox
90 99 0.015819507 ubox
90 100 0.027792637 ubox
90 101 0.035058427 ubox
90 102 0.840966933 ubox
90 115 0.003348474 ubox
90 117 0.005830773 ubox
91 97 0.004360974 ubox
91 109 0.013388112 ubox
91 114 0.004632762 ubox
91 116 0.007395306 ubox
92 99 0.080666486 ubox
92 101 0.978226244 ubox
92 102 0.016724954 ubox
92 108 0.013399009 ubox
92 113 0.004632563 ubox
92 115 0.007390661 ubox
93 98 0.071684648 ubox
93 99 0.050736208 ubox
93 100 0.982713599 ubox
93 101 0.012496109 ubox
93 102 0.005285263 ubox
93 103 0.132242586 ubox
93 107 0.008301510 ubox
94 98 0.055568980 ubox
94 99 0.979841054 ubox
94 101 0.009188158 ubox
94 102 0.140215390 ubox
95 101 0.140395567 ubox
96 100 0.127524791 ubox
106 115 0.003979470 ubox
106 117 0.010535108 ubox
107 114 0.005818035 ubox
107 116 0.013291364 ubox
108 114 0.019159982 ubox
108 116 0.027638964 ubox
109 113 0.019125986 ubox
109 115 0.027917250 ubox
