1 16 0.986769564 ubox
1 46 0.004811046 ubox
1 52 0.006751522 ubox
1 109 0.012335921 ubox
1 114 0.017058162 ubox
1 116 0.026009936 ubox
2 15 0.999180428 ubox
2 102 0.012295464 ubox
2 108 0.012143488 ubox
2 113 0.015944117 ubox
2 115 0.022873861 ubox
3 14 0.999621826 ubox
3 17 0.006099308 ubox
3 101 0.012319373 ubox
3 107 0.011974964 ubox
3 113 0.005195535 ubox
4 13 0.999243152 ubox
4 16 0.008642414 ubox
4 106 0.008342443 ubox
4 109 0.015476176 ubox
5 12 0.999702827 ubox
5 15 0.008760641 ubox
5 34 0.003734780 ubox
5 99 0.013444144 ubox
5 102 0.005852574 ubox
5 108 0.015505434 ubox
6 11 0.999183441 ubox
6 14 0.008761670 ubox
6 33 0.003926655 ubox
6 98 0.013471555 ubox
6 101 0.005854543 ubox
6 107 0.015503914 ubox
7 13 0.007348450 ubox
7 32 0.003889855 ubox
7 97 0.013338202 ubox
7 106 0.015055878 ubox
8 96 0.013281962 ubox
8 105 0.014230155 ubox
9 30 0.005382373 ubox
9 90 0.009536264 ubox
9 94 0.005309829 ubox
9 95 0.012079512 ubox
9 97 0.006266164 ubox
9 104 0.006861180 ubox
10 29 0.005388147 ubox
10 89 0.011715940 ubox
10 93 0.007420318 ubox
10 96 0.006612699 ubox
11 28 0.005303827 ubox
11 47 0.003274557 ubox
11 88 0.012250530 ubox
11 92 0.007290707 ubox
11 93 0.008642193 ubox
11 94 0.003588133 ubox
11 95 0.006673707 ubox
12 27 0.005276285 ubox
12 46 0.003764894 ubox
12 87 0.014255980 ubox
12 92 0.009109620 ubox
12 94 0.006667868 ubox
13 26 0.005246752 ubox
13 45 0.003546708 ubox
13 86 0.014496090 ubox
13 91 0.008835392 ubox
14 25 0.005062014 ubox
14 28 0.004201488 ubox
14 47 0.010397073 ubox
14 85 0.014648691 ubox
14 90 0.005929003 ubox
14 93 0.006105042 ubox
15 27 0.004577690 ubox
15 46 0.017664223 ubox
15 84 0.014368393 ubox
15 89 0.004088194 ubox
15 92 0.006528738 ubox
15 114 0.003273122 ubox
15 116 0.007608747 ubox
16 23 0.004778846 ubox
16 26 0.004717308 ubox
16 44 0.145467401 ubox
16 48 0.009425280 ubox
16 53 0.050947506 ubox
16 91 0.006444159 ubox
16 113 0.003460408 ubox
16 115 0.008491986 ubox
17 22 0.004922315 ubox
17 25 0.007395464 ubox
17 43 0.589512359 ubox
17 46 0.705721279 ubox
17 47 0.008823664 ubox
17 52 0.197864718 ubox
17 77 0.004397440 ubox
17 104 0.017662861 ubox
17 109 0.025114106 ubox
17 112 0.004546241 ubox
17 114 0.018545432 ubox
17 116 0.034887837 ubox
18 24 0.007493992 ubox
18 41 0.094240233 ubox
18 42 0.573604489 ubox
18 45 0.707252594 ubox
18 49 0.017537106 ubox
18 51 0.198135037 ubox
18 76 0.004163414 ubox
18 103 0.018701993 ubox
18 108 0.024914281 ubox
18 111 0.004551424 ubox
18 113 0.017452161 ubox
18 115 0.032942462 ubox
18 117 0.004026418 ubox
19 23 0.007433287 ubox
19 40 0.097471649 ubox
19 44 0.706617730 ubox
19 48 0.019145795 ubox
19 50 0.197985441 ubox
19 53 0.004740349 ubox
19 102 0.018903658 ubox
19 107 0.024448727 ubox
20 39 0.079699879 ubox
20 40 0.993145458 ubox
20 101 0.015564746 ubox
21 38 0.056384120 ubox
21 39 0.996517854 ubox
21 40 0.008127533 ubox
21 99 0.011697014 ubox
21 108 0.008320390 ubox
22 38 0.998108625 ubox
22 39 0.005813947 ubox
22 98 0.011696404 ubox
22 107 0.008462907 ubox
23 37 0.999688130 ubox
23 97 0.011398727 ubox
23 106 0.008435572 ubox
24 36 0.999269815 ubox
24 96 0.011121737 ubox
24 105 0.008261650 ubox
25 35 0.997192256 ubox
25 53 0.013816236 ubox
26 36 0.022215848 ubox
26 52 0.014185352 ubox
26 92 0.011262977 ubox
27 34 0.994375415 ubox
27 35 0.030642448 ubox
27 91 0.011251004 ubox
27 102 0.008531540 ubox
28 33 0.994815949 ubox
28 34 0.032946517 ubox
28 50 0.015484705 ubox
28 101 0.008534032 ubox
29 33 0.029615649 ubox
29 49 0.015557869 ubox
29 100 0.008444457 ubox
30 48 0.015554066 ubox
30 99 0.008115960 ubox
31 47 0.011006825 ubox
31 87 0.010797528 ubox
31 97 0.003313738 ubox
32 86 0.011462173 ubox
33 85 0.011527405 ubox
33 95 0.004693359 ubox
33 96 0.006124177 ubox
34 47 0.012384223 ubox
34 84 0.011377074 ubox
34 94 0.004660888 ubox
34 95 0.006217945 ubox
35 46 0.020809184 ubox
35 94 0.005955161 ubox
36 45 0.020957660 ubox
37 44 0.021050232 ubox
37 91 0.005765749 ubox
38 43 0.020964163 ubox
38 90 0.005722115 ubox
39 85 0.003367043 ubox
39 89 0.005420496 ubox
40 84 0.003440093 ubox
40 88 0.005386923 ubox
41 83 0.003510997 ubox
41 87 0.005362994 ubox
42 81 0.007862517 ubox
43 53 0.110863599 ubox
43 80 0.008140185 ubox
43 107 0.006131824 ubox
43 115 0.015446484 ubox
44 52 0.114231971 ubox
44 79 0.007423951 ubox
44 84 0.028968252 ubox
44 106 0.005995863 ubox
44 114 0.016040391 ubox
45 78 0.006430101 ubox
45 81 0.047442007 ubox
45 83 0.028549942 ubox
45 105 0.005257293 ubox
46 54 0.020230952 ubox
46 80 0.048243195 ubox
47 53 0.059133745 ubox
47 80 0.115536713 ubox
47 82 0.034530631 ubox
47 86 0.003482584 ubox
47 115 0.005779954 ubox
47 117 0.012919431 ubox
48 52 0.066569912 ubox
48 79 0.356419016 ubox
48 81 0.036755903 ubox
48 84 0.009164308 ubox
48 85 0.003353925 ubox
48 114 0.006009768 ubox
48 116 0.014766458 ubox
49 78 0.361178764 ubox
49 83 0.009112394 ubox
50 77 0.361306515 ubox
50 79 0.129345082 ubox
51 78 0.131084775 ubox
51 81 0.011842321 ubox
52 70 0.008250037 ubox
52 76 0.338270789 ubox
52 80 0.012732770 ubox
52 115 0.010979400 ubox
53 69 0.008460906 ubox
53 75 0.283491606 ubox
53 79 0.012881983 ubox
53 114 0.010945572 ubox
54 68 0.008462502 ubox
54 74 0.200674349 ubox
54 75 0.957481123 ubox
54 78 0.003177075 ubox
55 67 0.008459478 ubox
55 74 0.979595053 ubox
56 66 0.008471281 ubox
56 73 0.999859860 ubox
57 65 0.008465544 ubox
57 72 0.999697461 ubox
58 64 0.008448552 ubox
58 71 0.999947755 ubox
59 70 0.999933956 ubox
60 68 0.004426435 ubox
60 69 0.999905731 ubox
61 67 0.005105567 ubox
61 68 0.997357304 ubox
62 66 0.074952893 ubox
71 116 0.005779433 ubox
72 115 0.005785249 ubox
73 114 0.005795881 ubox
74 113 0.005778894 ubox
75 115 0.006417080 ubox
76 109 0.026235246 ubox
76 114 0.033354470 ubox
76 116 0.915668641 ubox
77 108 0.026151081 ubox
77 113 0.032175813 ubox
77 115 0.916486412 ubox
78 107 0.014279887 ubox
78 108 0.006495542 ubox
78 117 0.014011377 ubox
79 107 0.022979052 ubox
79 113 0.915187339 ubox
79 115 0.098412116 ubox
80 92 0.025952164 ubox
80 104 0.012031593 ubox
80 106 0.022693479 ubox
80 109 0.013431286 ubox
80 112 0.925169924 ubox
80 114 0.335624749 ubox
80 116 0.023918321 ubox
81 91 0.026031832 ubox
81 103 0.013097926 ubox
81 107 0.003766268 ubox
81 108 0.009971994 ubox
81 111 0.927091645 ubox
81 113 0.336322287 ubox
81 115 0.022912696 ubox
82 90 0.025704421 ubox
82 104 0.046162493 ubox
82 106 0.003446749 ubox
82 110 0.907163390 ubox
82 112 0.333990153 ubox
83 100 0.061634966 ubox
83 103 0.050207886 ubox
83 108 0.010942976 ubox
83 111 0.294768755 ubox
84 99 0.066381460 ubox
84 102 0.050996654 ubox
84 107 0.010461050 ubox
84 108 0.990170719 ubox
85 91 0.006194135 ubox
85 98 0.066419912 ubox
85 101 0.050805790 ubox
85 107 0.992489926 ubox
85 113 0.029123760 ubox
86 90 0.005153348 ubox
86 97 0.064943812 ubox
86 104 0.027328745 ubox
86 106 0.983820502 ubox
86 112 0.029248115 ubox
87 99 0.019111310 ubox
87 100 0.038831179 ubox
87 101 0.008919370 ubox
87 102 0.024313867 ubox
87 103 0.050313381 ubox
87 108 0.004874876 ubox
87 111 0.027709349 ubox
88 98 0.018128571 ubox
88 99 0.039043001 ubox
88 100 0.011670159 ubox
88 101 0.025456465 ubox
88 102 0.052075866 ubox
88 103 0.078020622 ubox
88 107 0.006412498 ubox
88 108 0.006790949 ubox
89 98 0.038454166 ubox
89 99 0.012083837 ubox
89 100 0.028017517 ubox
89 101 0.042981150 ubox
89 102 0.074684729 ubox
89 103 0.763596592 ubox
89 107 0.008927692 ubox
89 108 0.004118179 ubox
90 98 0.011387724 ubox
90 99 0.028258821 ubox
90 100 0.042390075 ubox
90 101 0.040576385 ubox
90 102 0.672834532 ubox
90 107 0.004797474 ubox
90 111 0.004437473 ubox
90 115 0.014139507 ubox
90 117 0.020191442 ubox
91 97 0.008519888 ubox
91 106 0.007003969 ubox
91 109 0.041418916 ubox
91 114 0.018878602 ubox
91 116 0.025731239 ubox
92 99 0.101456224 ubox
92 101 0.946989542 ubox
92 102 0.030643492 ubox
92 108 0.041492483 ubox
92 113 0.018875309 ubox
92 115 0.025703463 ubox
93 98 0.091363105 ubox
93 99 0.056984828 ubox
93 100 0.953289018 ubox
93 101 0.023056677 ubox
93 102 0.009976916 ubox
93 103 0.227887047 ubox
93 107 0.025926230 ubox
94 98 0.065276914 ubox
94 99 0.948857996 ubox
94 101 0.015521620 ubox
94 102 0.242256585 ubox
94 108 0.005407809 ubox
95 101 0.242476422 ubox
95 102 0.006607317 ubox
95 107 0.005509254 ubox
96 100 0.216971722 ubox
96 101 0.006456332 ubox
96 103 0.004071330 ubox
97 102 0.004322190 ubox
97 111 0.005650952 ubox
98 110 0.005878828 ubox
99 106 0.003799092 ubox
99 109 0.005863268 ubox
100 105 0.003648691 ubox
100 110 0.005782845 ubox
101 109 0.006734066 ubox
101 110 0.008480157 ubox
102 109 0.008863887 ubox
103 112 0.003959288 ubox
104 111 0.004250318 ubox
105 117 0.005545523 ubox
106 115 0.012788226 ubox
106 117 0.027041869 ubox
107 114 0.018425505 ubox
107 116 0.034018501 ubox
108 114 0.047577687 ubox
108 116 0.064763640 ubox
109 113 0.047347226 ubox
109 115 0.065324453 ubox
