1 16 0.991472242 ubox
1 52 0.004371411 ubox
1 114 0.003542191 ubox
1 116 0.009769642 ubox
2 15 0.999912377 ubox
2 115 0.008186743 ubox
3 14 0.999973744 ubox
4 13 0.999733651 ubox
5 12 0.999993592 ubox
6 11 0.999809545 ubox
14 47 0.003248699 ubox
15 46 0.007148655 ubox
16 44 0.118953358 ubox
16 48 0.005473917 ubox
16 53 0.046601536 ubox
17 25 0.004733044 ubox
17 43 0.607015541 ubox
17 46 0.733412741 ubox
17 47 0.004849267 ubox
17 52 0.217306415 ubox
17 114 0.003847170 ubox
17 116 0.010186252 ubox
18 24 0.004849218 ubox
18 41 0.056448293 ubox
18 42 0.597695268 ubox
18 45 0.733829336 ubox
18 49 0.010084830 ubox
18 51 0.217385284 ubox
18 113 0.003665670 ubox
18 115 0.009816543 ubox
19 23 0.004845694 ubox
19 40 0.057406564 ubox
19 44 0.733491000 ubox
19 48 0.010617422 ubox
19 50 0.217303963 ubox
20 39 0.046897260 ubox
20 40 0.997705808 ubox
21 38 0.033163034 ubox
21 39 0.998836257 ubox
21 40 0.004446330 ubox
22 38 0.999383677 ubox
23 37 0.999936459 ubox
24 36 0.999840813 ubox
25 35 0.999300414 ubox
25 53 0.008575324 ubox
26 36 0.007746236 ubox
26 52 0.009127459 ubox
27 34 0.998729196 ubox
27 35 0.010663497 ubox
28 33 0.998897153 ubox
28 34 0.011573879 ubox
28 50 0.009798035 ubox
29 33 0.010746912 ubox
29 49 0.009806670 ubox
30 48 0.009805357 ubox
31 47 0.006730461 ubox
34 47 0.007118793 ubox
35 46 0.009980350 ubox
36 45 0.009996918 ubox
37 44 0.009998974 ubox
38 43 0.009990505 ubox
43 53 0.136310902 ubox
43 115 0.003912772 ubox
44 52 0.144457450 ubox
44 84 0.005526008 ubox
44 114 0.004256892 ubox
45 81 0.018120628 ubox
45 83 0.005464168 ubox
46 54 0.025069033 ubox
46 80 0.018335947 ubox
47 53 0.060050095 ubox
47 80 0.026423110 ubox
47 82 0.004663543 ubox
47 117 0.003322386 ubox
48 52 0.072923740 ubox
48 79 0.219983701 ubox
48 81 0.005092247 ubox
48 116 0.003555313 ubox
49 78 0.221746779 ubox
50 77 0.221872380 ubox
50 79 0.043944842 ubox
51 78 0.044223740 ubox
52 76 0.210175241 ubox
52 115 0.003900699 ubox
53 75 0.176039379 ubox
53 114 0.003895817 ubox
54 74 0.124517089 ubox
54 75 0.983705293 ubox
55 74 0.992210899 ubox
56 73 0.999984920 ubox
57 72 0.999884330 ubox
58 71 0.999993891 ubox
59 70 0.999986976 ubox
60 69 0.999985695 ubox
61 68 0.999423427 ubox
62 66 0.040318923 ubox
76 109 0.008021278 ubox
76 114 0.012081567 ubox
76 116 0.972755917 ubox
77 108 0.007999766 ubox
77 113 0.011765378 ubox
77 115 0.973067048 ubox
78 107 0.003514141 ubox
78 117 0.003807323 ubox
79 107 0.007547050 ubox
79 113 0.972409228 ubox
79 115 0.040900971 ubox
80 92 0.007250454 ubox
80 106 0.008178606 ubox
80 109 0.003365035 ubox
80 112 0.976539947 ubox
80 114 0.208080055 ubox
80 116 0.006894284 ubox
81 91 0.007254538 ubox
81 111 0.977028728 ubox
81 113 0.208138385 ubox
81 115 0.006573765 ubox
82 90 0.007213359 ubox
82 104 0.016290684 ubox
82 110 0.965604042 ubox
82 112 0.207628684 ubox
83 100 0.010109659 ubox
83 103 0.017202250 ubox
83 108 0.003683832 ubox
83 111 0.187008183 ubox
84 99 0.010570902 ubox
84 102 0.017311079 ubox
84 108 0.999119043 ubox
85 98 0.010572378 ubox
85 101 0.017292530 ubox
85 107 0.999692989 ubox
85 113 0.005526065 ubox
86 97 0.010446207 ubox
86 104 0.013058160 ubox
86 106 0.998409288 ubox
86 112 0.005535315 ubox
87 99 0.004471608 ubox
87 100 0.016269499 ubox
87 101 0.003652631 ubox
87 102 0.010262957 ubox
87 103 0.023067419 ubox
87 111 0.005380758 ubox
88 98 0.004390578 ubox
88 99 0.016296206 ubox
88 100 0.004115076 ubox
88 101 0.010492281 ubox
88 102 0.023618299 ubox
88 103 0.048510220 ubox
89 98 0.016239903 ubox
89 99 0.004182977 ubox
89 100 0.010794971 ubox
89 101 0.020940092 ubox
89 102 0.047571788 ubox
89 103 0.949452940 ubox
90 98 0.004128264 ubox
90 99 0.010835826 ubox
90 100 0.020729118 ubox
90 101 0.030885458 ubox
90 102 0.900534827 ubox
91 109 0.006851699 ubox
91 116 0.003446010 ubox
92 99 0.067279197 ubox
92 101 0.987241809 ubox
92 102 0.011054198 ubox
92 108 0.006855268 ubox
92 115 0.003444391 ubox
93 98 0.059285821 ubox
93 99 0.045025703 ubox
93 100 0.990524671 ubox
93 101 0.008206506 ubox
93 102 0.003486918 ubox
93 103 0.091696542 ubox
93 107 0.004229902 ubox
94 98 0.048652091 ubox
94 99 0.988313576 ubox
94 101 0.006521151 ubox
94 102 0.097369541 ubox
95 101 0.097514794 ubox
96 100 0.089273535 ubox
106 117 0.006391318 ubox
107 116 0.008087358 ubox
108 114 0.011921226 ubox
108 116 0.017797398 ubox
109 113 0.011918946 ubox
109 115 0.018003048 ubox
