1 16 0.990348132 ubox
1 46 0.003356962 ubox
1 52 0.005010171 ubox
1 114 0.005107987 ubox
1 116 0.012795974 ubox
2 15 0.999848116 ubox
2 113 0.004244001 ubox
2 115 0.010858953 ubox
3 14 0.999956160 ubox
4 13 0.999676712 ubox
5 12 0.999984115 ubox
6 11 0.999734009 ubox
14 47 0.004204311 ubox
15 46 0.008977378 ubox
16 44 0.126136944 ubox
16 48 0.006476609 ubox
16 53 0.048417208 ubox
17 25 0.005105188 ubox
17 43 0.603724323 ubox
17 46 0.729272689 ubox
17 47 0.005800751 ubox
17 52 0.213914335 ubox
17 104 0.003842136 ubox
17 109 0.004616129 ubox
17 114 0.005915146 ubox
17 116 0.014542262 ubox
18 24 0.005223708 ubox
18 41 0.064774625 ubox
18 42 0.592738369 ubox
18 45 0.729889829 ubox
18 49 0.011998319 ubox
18 51 0.214029843 ubox
18 103 0.003992867 ubox
18 108 0.004571692 ubox
18 113 0.005617266 ubox
18 115 0.013948011 ubox
19 23 0.005214322 ubox
19 40 0.066347177 ubox
19 44 0.729465755 ubox
19 48 0.012744904 ubox
19 50 0.213929302 ubox
19 102 0.004013479 ubox
19 107 0.004519764 ubox
20 39 0.054210932 ubox
20 40 0.996917563 ubox
20 101 0.003330836 ubox
21 38 0.038336870 ubox
21 39 0.998440510 ubox
21 40 0.005308186 ubox
22 38 0.999172912 ubox
22 39 0.003769908 ubox
23 37 0.999909844 ubox
24 36 0.999766770 ubox
25 35 0.998964608 ubox
25 53 0.009958975 ubox
26 36 0.010565202 ubox
26 52 0.010434921 ubox
27 34 0.998056819 ubox
27 35 0.014553846 ubox
28 33 0.998280567 ubox
28 34 0.015751674 ubox
28 50 0.011215896 ubox
29 33 0.014501067 ubox
29 49 0.011231415 ubox
30 48 0.011229409 ubox
31 47 0.007779390 ubox
34 47 0.008137452 ubox
35 46 0.011671461 ubox
36 45 0.011698339 ubox
37 44 0.011704084 ubox
38 43 0.011688222 ubox
43 53 0.129495099 ubox
43 115 0.005701804 ubox
44 52 0.136201555 ubox
44 84 0.008557620 ubox
44 114 0.006090933 ubox
45 81 0.023355371 ubox
45 83 0.008458197 ubox
46 54 0.023504991 ubox
46 80 0.023662548 ubox
47 53 0.060008431 ubox
47 80 0.040029667 ubox
47 82 0.008132403 ubox
47 117 0.004715577 ubox
48 52 0.071260567 ubox
48 79 0.251526760 ubox
48 81 0.008839720 ubox
48 116 0.005262165 ubox
49 78 0.253930810 ubox
50 77 0.254096855 ubox
50 79 0.060076610 ubox
51 78 0.060564869 ubox
51 81 0.003228952 ubox
52 70 0.003221559 ubox
52 76 0.239881202 ubox
52 80 0.003436226 ubox
52 115 0.005282639 ubox
53 69 0.003272161 ubox
53 75 0.201095604 ubox
53 79 0.003492770 ubox
53 114 0.005274020 ubox
54 68 0.003272433 ubox
54 74 0.142259654 ubox
54 75 0.978768291 ubox
55 67 0.003271729 ubox
55 74 0.989817304 ubox
56 66 0.003274902 ubox
56 73 0.999971658 ubox
57 65 0.003273976 ubox
57 72 0.999849070 ubox
58 64 0.003270870 ubox
58 71 0.999988973 ubox
59 70 0.999980300 ubox
60 69 0.999977201 ubox
61 68 0.999097984 ubox
62 66 0.048437941 ubox
76 109 0.011316222 ubox
76 114 0.016357336 ubox
76 116 0.963147019 ubox
77 108 0.011282588 ubox
77 113 0.015886656 ubox
77 115 0.963574613 ubox
78 107 0.005135158 ubox
78 117 0.005407166 ubox
79 107 0.010538242 ubox
79 113 0.962762666 ubox
79 115 0.053112680 ubox
80 92 0.010520358 ubox
80 104 0.003392709 ubox
80 106 0.010999572 ubox
80 109 0.005070995 ubox
80 112 0.968091033 ubox
80 114 0.239352593 ubox
80 116 0.010022005 ubox
81 91 0.010530178 ubox
81 103 0.003519587 ubox
81 108 0.003767425 ubox
81 111 0.968765782 ubox
81 113 0.239478449 ubox
81 115 0.009580978 ubox
82 90 0.010454083 ubox
82 104 0.021820185 ubox
82 110 0.955137692 ubox
82 112 0.238675339 ubox
83 100 0.017272537 ubox
83 103 0.023199496 ubox
83 108 0.005036053 ubox
83 111 0.213736394 ubox
84 99 0.018192141 ubox
84 102 0.023389128 ubox
84 107 0.004380136 ubox
84 108 0.998414661 ubox
85 98 0.018196009 ubox
85 101 0.023352059 ubox
85 107 0.999276346 ubox
85 113 0.009096959 ubox
86 97 0.017934840 ubox
86 104 0.016598195 ubox
86 106 0.996934962 ubox
86 112 0.009118025 ubox
87 99 0.006905482 ubox
87 100 0.021176989 ubox
87 101 0.004866105 ubox
87 102 0.013693977 ubox
87 103 0.029802147 ubox
87 111 0.008810077 ubox
88 98 0.006734095 ubox
88 99 0.021228644 ubox
88 100 0.005640225 ubox
88 101 0.014074257 ubox
88 102 0.030617420 ubox
88 103 0.057248237 ubox
89 98 0.021114561 ubox
89 99 0.005758908 ubox
89 100 0.014645548 ubox
89 101 0.026598129 ubox
89 102 0.055813090 ubox
89 103 0.916096665 ubox
90 98 0.005637985 ubox
90 99 0.014710851 ubox
90 100 0.026285246 ubox
90 101 0.034258017 ubox
90 102 0.854804317 ubox
90 117 0.005023824 ubox
91 97 0.004035172 ubox
91 109 0.011727422 ubox
91 114 0.003917850 ubox
91 116 0.006368429 ubox
92 99 0.077998112 ubox
92 101 0.980393183 ubox
92 102 0.015455722 ubox
92 108 0.011736156 ubox
92 113 0.003917709 ubox
92 115 0.006364657 ubox
93 98 0.069201520 ubox
93 99 0.049677176 ubox
93 100 0.984634668 ubox
93 101 0.011534563 ubox
93 102 0.004878920 ubox
93 103 0.123333952 ubox
93 107 0.007265120 ubox
94 98 0.054233134 ubox
94 99 0.981905762 ubox
94 101 0.008600266 ubox
94 102 0.130789418 ubox
95 101 0.130962850 ubox
96 100 0.119147113 ubox
106 115 0.003496803 ubox
106 117 0.009506334 ubox
107 114 0.005121165 ubox
107 116 0.011999243 ubox
108 114 0.017367087 ubox
108 116 0.025230883 ubox
109 113 0.017342047 ubox
109 115 0.025491958 ubox
