1 16 0.988752924 ubox
1 46 0.004038883 ubox
1 52 0.005870940 ubox
1 109 0.005317515 ubox
1 114 0.008866101 ubox
1 116 0.018055991 ubox
2 15 0.999674863 ubox
2 102 0.005710914 ubox
2 108 0.005167342 ubox
2 113 0.007871971 ubox
2 115 0.015576560 ubox
3 14 0.999891961 ubox
3 101 0.005717282 ubox
3 107 0.005098196 ubox
4 13 0.999560110 ubox
4 16 0.004185367 ubox
4 106 0.003258516 ubox
4 109 0.006438839 ubox
5 12 0.999936817 ubox
5 15 0.004228647 ubox
5 99 0.006076986 ubox
5 108 0.006446507 ubox
6 11 0.999574094 ubox
6 14 0.004228986 ubox
6 98 0.006085662 ubox
6 107 0.006446069 ubox
7 13 0.003512072 ubox
7 97 0.006045542 ubox
7 106 0.006289014 ubox
8 96 0.006034730 ubox
8 105 0.006036807 ubox
9 90 0.004154055 ubox
9 95 0.005514244 ubox
10 89 0.005166211 ubox
10 93 0.003284053 ubox
11 88 0.005382558 ubox
11 92 0.003228268 ubox
11 93 0.004038148 ubox
12 87 0.006261757 ubox
12 92 0.004207008 ubox
13 86 0.006341066 ubox
13 91 0.004101592 ubox
14 47 0.006275945 ubox
14 85 0.006403403 ubox
15 46 0.012228464 ubox
15 84 0.006316190 ubox
15 116 0.003975071 ubox
16 44 0.135381012 ubox
16 48 0.007886243 ubox
16 53 0.050174221 ubox
16 115 0.004474291 ubox
17 25 0.005822669 ubox
17 43 0.597960177 ubox
17 46 0.720427091 ubox
17 47 0.007196851 ubox
17 52 0.207639197 ubox
17 104 0.008410279 ubox
17 109 0.010872886 ubox
17 114 0.010312639 ubox
17 116 0.022563613 ubox
18 24 0.005937916 ubox
18 41 0.077919338 ubox
18 42 0.584636872 ubox
18 45 0.721412578 ubox
18 49 0.014673919 ubox
18 51 0.207819553 ubox
18 103 0.008815960 ubox
18 108 0.010779569 ubox
18 113 0.009749542 ubox
18 115 0.021486927 ubox
19 23 0.005913728 ubox
19 40 0.080256075 ubox
19 44 0.720874797 ubox
19 48 0.015786787 ubox
19 50 0.207693301 ubox
19 53 0.003595002 ubox
19 102 0.008882412 ubox
19 107 0.010621630 ubox
20 39 0.065595239 ubox
20 40 0.995450968 ubox
20 101 0.007344214 ubox
21 38 0.046393617 ubox
21 39 0.997698340 ubox
21 40 0.006581523 ubox
21 99 0.005565790 ubox
21 108 0.003919247 ubox
22 38 0.998772852 ubox
22 39 0.004686651 ubox
22 98 0.005565599 ubox
22 107 0.003985811 ubox
23 37 0.999847788 ubox
23 97 0.005454584 ubox
23 106 0.003977498 ubox
24 36 0.999605906 ubox
24 96 0.005369006 ubox
24 105 0.003921253 ubox
25 35 0.998307226 ubox
25 53 0.011841883 ubox
26 36 0.015409255 ubox
26 52 0.012250279 ubox
26 92 0.005387716 ubox
27 34 0.996698832 ubox
27 35 0.021241682 ubox
27 91 0.005383417 ubox
27 102 0.004014477 ubox
28 33 0.997015045 ubox
28 34 0.022912538 ubox
28 50 0.013226803 ubox
28 101 0.004015224 ubox
29 33 0.020852082 ubox
29 49 0.013259341 ubox
29 100 0.003981684 ubox
30 48 0.013256163 ubox
30 99 0.003846445 ubox
31 47 0.009284379 ubox
31 87 0.005188767 ubox
32 86 0.005439248 ubox
33 85 0.005460079 ubox
34 47 0.009764906 ubox
34 84 0.005399177 ubox
35 46 0.014805037 ubox
36 45 0.014861908 ubox
37 44 0.014885325 ubox
38 43 0.014849834 ubox
42 81 0.003637095 ubox
43 53 0.120611700 ubox
43 80 0.003769710 ubox
43 115 0.009273315 ubox
44 52 0.125665866 ubox
44 79 0.003614935 ubox
44 84 0.015611641 ubox
44 114 0.009731710 ubox
45 81 0.032877070 ubox
45 83 0.015411100 ubox
46 54 0.021785891 ubox
46 80 0.033364439 ubox
47 53 0.059818307 ubox
47 80 0.067809362 ubox
47 82 0.016710851 ubox
47 117 0.007707706 ubox
48 52 0.069127825 ubox
48 79 0.298007312 ubox
48 81 0.017989295 ubox
48 84 0.004616136 ubox
48 114 0.003310035 ubox
48 116 0.008789207 ubox
49 78 0.301462776 ubox
49 83 0.004553777 ubox
50 77 0.301661788 ubox
50 79 0.088245652 ubox
51 78 0.089193755 ubox
51 81 0.006169709 ubox
52 70 0.005184466 ubox
52 76 0.283596752 ubox
52 80 0.006596217 ubox
52 115 0.007650947 ubox
53 69 0.005288617 ubox
53 75 0.237855092 ubox
53 79 0.006691702 ubox
53 114 0.007633473 ubox
54 68 0.005289273 ubox
54 74 0.168306582 ubox
54 75 0.970234226 ubox
55 67 0.005287798 ubox
55 74 0.985707728 ubox
56 66 0.005293960 ubox
56 73 0.999937413 ubox
57 65 0.005291645 ubox
57 72 0.999788232 ubox
58 64 0.005284294 ubox
58 71 0.999976337 ubox
59 70 0.999965131 ubox
60 69 0.999955802 ubox
61 67 0.003312593 ubox
61 68 0.998444898 ubox
62 66 0.060490376 ubox
71 116 0.003670449 ubox
72 115 0.003672334 ubox
73 114 0.003677347 ubox
74 113 0.003670403 ubox
75 115 0.004059795 ubox
76 109 0.017267209 ubox
76 114 0.023582473 ubox
76 116 0.945263570 ubox
77 108 0.017211670 ubox
77 113 0.022826097 ubox
77 115 0.945873157 ubox
78 107 0.008460571 ubox
78 108 0.003927580 ubox
78 117 0.008684077 ubox
79 107 0.015715575 ubox
79 113 0.944834092 ubox
79 115 0.072887647 ubox
80 92 0.016603781 ubox
80 104 0.006495805 ubox
80 106 0.015876346 ubox
80 109 0.008333413 ubox
80 112 0.952139360 ubox
80 114 0.284321071 ubox
80 116 0.015707516 ubox
81 91 0.016632323 ubox
81 103 0.006895060 ubox
81 108 0.006187796 ubox
81 111 0.953230930 ubox
81 113 0.284627647 ubox
81 115 0.015043948 ubox
82 90 0.016472395 ubox
82 104 0.031667100 ubox
82 110 0.936528147 ubox
82 112 0.283240217 ubox
83 100 0.033109572 ubox
83 103 0.034012127 ubox
83 108 0.007446210 ubox
83 111 0.251806734 ubox
84 99 0.035234667 ubox
84 102 0.034396132 ubox
84 107 0.006781755 ubox
84 108 0.996299812 ubox
85 98 0.035247136 ubox
85 101 0.034310263 ubox
85 107 0.997717995 ubox
85 113 0.016581549 ubox
86 97 0.034614952 ubox
86 104 0.021729221 ubox
86 106 0.993011103 ubox
86 112 0.016635690 ubox
87 99 0.011664155 ubox
87 100 0.029024497 ubox
87 101 0.006725153 ubox
87 102 0.018783130 ubox
87 103 0.039659012 ubox
87 111 0.015930514 ubox
88 98 0.011242867 ubox
88 99 0.029134274 ubox
88 100 0.008193670 ubox
88 101 0.019460953 ubox
88 102 0.040911153 ubox
88 103 0.068340387 ubox
88 107 0.003593202 ubox
88 108 0.003777170 ubox
89 98 0.028868141 ubox
89 99 0.008423071 ubox
89 100 0.020689059 ubox
89 101 0.034626259 ubox
89 102 0.066062077 ubox
89 103 0.852713061 ubox
89 107 0.004739151 ubox
90 98 0.008121241 ubox
90 99 0.020812065 ubox
90 100 0.034160566 ubox
90 101 0.037952653 ubox
90 102 0.775508382 ubox
90 115 0.006516632 ubox
90 117 0.010371422 ubox
91 97 0.005905191 ubox
91 106 0.003988037 ubox
91 109 0.022479806 ubox
91 114 0.008868000 ubox
91 116 0.013182297 ubox
92 99 0.090870105 ubox
92 101 0.967305706 ubox
92 102 0.022432654 ubox
92 108 0.022505820 ubox
92 113 0.008867270 ubox
92 115 0.013171801 ubox
93 98 0.081249958 ubox
93 99 0.054337767 ubox
93 100 0.972731898 ubox
93 101 0.016825765 ubox
93 102 0.007147955 ubox
93 103 0.171547317 ubox
93 107 0.013993379 ubox
94 98 0.060485234 ubox
94 99 0.969225367 ubox
94 101 0.011795020 ubox
94 102 0.181928007 ubox
95 101 0.182131903 ubox
95 102 0.004179070 ubox
96 100 0.164358400 ubox
96 101 0.004078156 ubox
101 109 0.003308683 ubox
101 110 0.004835600 ubox
102 109 0.005025531 ubox
106 115 0.006707280 ubox
106 117 0.016018874 ubox
107 114 0.009746215 ubox
107 116 0.020179055 ubox
108 114 0.028674218 ubox
108 116 0.040231443 ubox
109 113 0.028584241 ubox
109 115 0.040599807 ubox
