1 16 0.990640140 ubox
1 46 0.003231567 ubox
1 52 0.004845650 ubox
1 114 0.004635549 ubox
1 116 0.011958330 ubox
2 15 0.999868056 ubox
2 113 0.003801025 ubox
2 115 0.010116075 ubox
3 14 0.999961972 ubox
4 13 0.999692661 ubox
5 12 0.999987572 ubox
6 11 0.999755740 ubox
14 47 0.003924915 ubox
15 46 0.008471917 ubox
16 44 0.124327051 ubox
16 48 0.006215022 ubox
16 53 0.047989925 ubox
17 25 0.005001432 ubox
17 43 0.604638028 ubox
17 46 0.730517789 ubox
17 47 0.005549555 ubox
17 52 0.214875418 ubox
17 104 0.003271288 ubox
17 109 0.003887230 ubox
17 114 0.005307284 ubox
17 116 0.013310014 ubox
18 24 0.005119666 ubox
18 41 0.062516579 ubox
18 42 0.594085900 ubox
18 45 0.731077991 ubox
18 49 0.011499447 ubox
18 51 0.214980619 ubox
18 103 0.003394311 ubox
18 108 0.003848857 ubox
18 113 0.005044343 ubox
18 115 0.012782357 ubox
19 23 0.005112090 ubox
19 40 0.063938026 ubox
19 44 0.730676183 ubox
19 48 0.012186573 ubox
19 50 0.214885066 ubox
19 102 0.003410515 ubox
19 107 0.003807381 ubox
20 39 0.052239890 ubox
20 40 0.997141179 ubox
21 38 0.036942384 ubox
21 39 0.998553064 ubox
21 40 0.005080620 ubox
22 38 0.999232981 ubox
22 39 0.003606908 ubox
23 37 0.999917712 ubox
24 36 0.999788530 ubox
25 35 0.999061203 ubox
25 53 0.009601553 ubox
26 36 0.009783392 ubox
26 52 0.010094635 ubox
27 34 0.998252355 ubox
27 35 0.013474742 ubox
28 33 0.998460807 ubox
28 34 0.014593915 ubox
28 50 0.010845218 ubox
29 33 0.013464806 ubox
29 49 0.010858626 ubox
30 48 0.010856817 ubox
31 47 0.007504254 ubox
34 47 0.007865539 ubox
35 46 0.011203674 ubox
36 45 0.011227320 ubox
37 44 0.011231711 ubox
38 43 0.011218157 ubox
43 53 0.131214869 ubox
43 115 0.005185276 ubox
44 52 0.138266629 ubox
44 84 0.007634721 ubox
44 114 0.005562877 ubox
45 81 0.021884881 ubox
45 83 0.007547252 ubox
46 54 0.023878592 ubox
46 80 0.022165760 ubox
47 53 0.060022237 ubox
47 80 0.036063655 ubox
47 82 0.007060303 ubox
47 117 0.004312478 ubox
48 52 0.071673633 ubox
48 79 0.243240115 ubox
48 81 0.007686072 ubox
48 116 0.004768063 ubox
49 78 0.245467995 ubox
50 77 0.245624079 ubox
50 79 0.055588692 ubox
51 78 0.056014086 ubox
52 76 0.232079245 ubox
52 115 0.004900062 ubox
53 75 0.194518641 ubox
53 114 0.004892586 ubox
54 74 0.137601577 ubox
54 75 0.980132999 ubox
55 74 0.990477342 ubox
56 73 0.999975800 ubox
57 72 0.999858816 ubox
58 71 0.999990523 ubox
59 70 0.999982267 ubox
60 69 0.999979794 ubox
61 68 0.999192657 ubox
62 66 0.046288658 ubox
76 109 0.010390150 ubox
76 114 0.015176184 ubox
76 116 0.965856692 ubox
77 108 0.010359972 ubox
77 113 0.014749444 ubox
77 115 0.966252677 ubox
78 107 0.004664038 ubox
78 117 0.004950263 ubox
79 107 0.009705784 ubox
79 113 0.965481536 ubox
79 115 0.049785844 ubox
80 92 0.009591775 ubox
80 106 0.010214595 ubox
80 109 0.004581663 ubox
80 112 0.970482415 ubox
80 114 0.231158050 ubox
80 116 0.009136428 ubox
81 91 0.009599676 ubox
81 108 0.003404045 ubox
81 111 0.971101859 ubox
81 113 0.231262441 ubox
81 115 0.008729451 ubox
82 90 0.009534297 ubox
82 104 0.020271072 ubox
82 110 0.958048440 ubox
82 112 0.230544603 ubox
83 100 0.015123540 ubox
83 103 0.021513666 ubox
83 108 0.004656248 ubox
83 111 0.206754112 ubox
84 99 0.015898592 ubox
84 102 0.021678605 ubox
84 107 0.004013100 ubox
84 108 0.998640477 ubox
85 98 0.015901638 ubox
85 101 0.021647386 ubox
85 107 0.999419491 ubox
85 113 0.008041128 ubox
86 97 0.015683576 ubox
86 104 0.015660453 ubox
86 106 0.997399286 ubox
86 112 0.008058365 ubox
87 99 0.006200733 ubox
87 100 0.019839995 ubox
87 101 0.004539368 ubox
87 102 0.012776035 ubox
87 103 0.028010001 ubox
87 111 0.007798659 ubox
88 98 0.006058312 ubox
88 99 0.019883976 ubox
88 100 0.005219919 ubox
88 101 0.013112328 ubox
88 102 0.028751836 ubox
88 103 0.055018363 ubox
89 98 0.019788157 ubox
89 99 0.005323342 ubox
89 100 0.013600660 ubox
89 101 0.025106833 ubox
89 102 0.053722016 ubox
89 103 0.925759649 ubox
90 98 0.005223634 ubox
90 99 0.013658551 ubox
90 100 0.024821762 ubox
90 101 0.033436048 ubox
90 102 0.867648646 ubox
90 117 0.004321034 ubox
91 97 0.003730772 ubox
91 109 0.010263645 ubox
91 114 0.003307107 ubox
91 116 0.005474606 ubox
92 99 0.075312137 ubox
92 101 0.982364812 ubox
92 102 0.014253750 ubox
92 108 0.010270637 ubox
92 113 0.003307007 ubox
92 115 0.005471547 ubox
93 98 0.066708330 ubox
93 99 0.048569157 ubox
93 100 0.986360908 ubox
93 101 0.010624623 ubox
93 102 0.004496304 ubox
93 103 0.114818392 ubox
93 107 0.006352625 ubox
94 98 0.052867164 ubox
94 99 0.983769851 ubox
94 101 0.008039440 ubox
94 102 0.121786681 ubox
95 101 0.121953176 ubox
96 100 0.111126273 ubox
106 117 0.008588592 ubox
107 114 0.004512597 ubox
107 116 0.010846635 ubox
108 114 0.015765493 ubox
108 116 0.023065820 ubox
109 113 0.015747904 ubox
109 115 0.023311226 ubox
