1 16 0.991735851 ubox
1 52 0.004220178 ubox
1 114 0.003258469 ubox
1 116 0.009134315 ubox
2 15 0.999923316 ubox
2 115 0.007630106 ubox
3 14 0.999976486 ubox
4 13 0.999745664 ubox
5 12 0.999994755 ubox
6 11 0.999824509 ubox
15 46 0.006761051 ubox
16 44 0.117180482 ubox
16 48 0.005241589 ubox
16 53 0.046109584 ubox
17 25 0.004654753 ubox
17 43 0.607705617 ubox
17 46 0.734128789 ubox
17 47 0.004632921 ubox
17 52 0.217985127 ubox
17 114 0.003458891 ubox
17 116 0.009310903 ubox
18 24 0.004769912 ubox
18 41 0.054652281 ubox
18 42 0.598772664 ubox
18 45 0.734505459 ubox
18 49 0.009641356 ubox
18 51 0.218056585 ubox
18 113 0.003298342 ubox
18 115 0.008982367 ubox
19 23 0.004767379 ubox
19 40 0.055451535 ubox
19 44 0.734187041 ubox
19 48 0.010129678 ubox
19 50 0.217979735 ubox
20 39 0.045298367 ubox
20 40 0.997863364 ubox
21 38 0.032032104 ubox
21 39 0.998914905 ubox
21 40 0.004250179 ubox
22 38 0.999425514 ubox
23 37 0.999941467 ubox
24 36 0.999854793 ubox
25 35 0.999365904 ubox
25 53 0.008249459 ubox
26 36 0.007159381 ubox
26 52 0.008823906 ubox
27 34 0.998857441 ubox
27 35 0.009853834 ubox
28 33 0.999013533 ubox
28 34 0.010702893 ubox
28 50 0.009470731 ubox
29 33 0.009958684 ubox
29 49 0.009478181 ubox
30 48 0.009477005 ubox
31 47 0.006489628 ubox
34 47 0.006889615 ubox
35 46 0.009619164 ubox
36 45 0.009633985 ubox
37 44 0.009635612 ubox
38 43 0.009628373 ubox
43 53 0.137995845 ubox
43 115 0.003565279 ubox
44 52 0.146532191 ubox
44 84 0.004997908 ubox
44 114 0.003898360 ubox
45 81 0.017048982 ubox
45 83 0.004942063 ubox
46 54 0.025490501 ubox
46 80 0.017246129 ubox
47 53 0.060059693 ubox
47 80 0.023833766 ubox
47 82 0.004077799 ubox
48 52 0.073349353 ubox
48 79 0.212713632 ubox
48 81 0.004454062 ubox
48 116 0.003223378 ubox
49 78 0.214341617 ubox
50 77 0.214457442 ubox
50 79 0.040600897 ubox
51 78 0.040842531 ubox
52 76 0.203325622 ubox
52 115 0.003611841 ubox
53 75 0.170258173 ubox
53 114 0.003607604 ubox
54 74 0.120424552 ubox
54 75 0.984743655 ubox
55 74 0.992716791 ubox
56 73 0.999987125 ubox
57 72 0.999891782 ubox
58 71 0.999994725 ubox
59 70 0.999988198 ubox
60 69 0.999987155 ubox
61 68 0.999485360 ubox
62 66 0.038480468 ubox
76 109 0.007350938 ubox
76 114 0.011185721 ubox
76 116 0.974710004 ubox
77 108 0.007331800 ubox
77 113 0.010900147 ubox
77 115 0.974996150 ubox
78 107 0.003202095 ubox
78 117 0.003484596 ubox
79 107 0.006929281 ubox
79 113 0.974373064 ubox
79 115 0.038275790 ubox
80 92 0.006598455 ubox
80 106 0.007595962 ubox
80 112 0.978247448 ubox
80 114 0.200866198 ubox
80 116 0.006269510 ubox
81 91 0.006601726 ubox
81 111 0.978701789 ubox
81 113 0.200913866 ubox
81 115 0.005973348 ubox
82 90 0.006566511 ubox
82 104 0.015159621 ubox
82 110 0.967787141 ubox
82 112 0.200459989 ubox
83 100 0.008829349 ubox
83 103 0.015982644 ubox
83 108 0.003408743 ubox
83 111 0.180809602 ubox
84 99 0.009216620 ubox
84 102 0.016077466 ubox
84 108 0.999231699 ubox
85 98 0.009217775 ubox
85 101 0.016061890 ubox
85 107 0.999749540 ubox
85 113 0.004869660 ubox
86 97 0.009112826 ubox
86 104 0.012264137 ubox
86 106 0.998648863 ubox
86 112 0.004877131 ubox
87 99 0.004005914 ubox
87 100 0.015219209 ubox
87 101 0.003387983 ubox
87 102 0.009508492 ubox
87 103 0.021570388 ubox
87 111 0.004747438 ubox
88 98 0.003938934 ubox
88 99 0.015241714 ubox
88 100 0.003794701 ubox
88 101 0.009709435 ubox
88 102 0.022067079 ubox
88 103 0.046429150 ubox
89 98 0.015194670 ubox
89 99 0.003853602 ubox
89 100 0.009966883 ubox
89 101 0.019661634 ubox
89 102 0.045591487 ubox
89 103 0.955768172 ubox
90 98 0.003809148 ubox
90 99 0.010003406 ubox
90 100 0.019472035 ubox
90 101 0.030020875 ubox
90 102 0.909751868 ubox
91 109 0.005981969 ubox
92 99 0.064648138 ubox
92 101 0.988564070 ubox
92 102 0.010120743 ubox
92 108 0.005984817 ubox
93 98 0.056864870 ubox
93 99 0.043795243 ubox
93 100 0.991622133 ubox
93 101 0.007502465 ubox
93 102 0.003194587 ubox
93 103 0.084802971 ubox
93 107 0.003689916 ubox
94 98 0.047228141 ubox
94 99 0.989526921 ubox
94 101 0.006069203 ubox
94 102 0.090095220 ubox
95 101 0.090233429 ubox
96 100 0.082733939 ubox
106 117 0.005811897 ubox
107 116 0.007359821 ubox
108 114 0.010904529 ubox
108 116 0.016381671 ubox
109 113 0.010905551 ubox
109 115 0.016575980 ubox
