1 16 0.991992901 ubox
1 52 0.004072502 ubox
1 116 0.008540287 ubox
2 15 0.999932853 ubox
2 115 0.007111162 ubox
3 14 0.999978840 ubox
4 13 0.999757052 ubox
5 12 0.999995649 ubox
6 11 0.999838280 ubox
15 46 0.006396033 ubox
16 44 0.115417101 ubox
16 48 0.005016610 ubox
16 53 0.045605784 ubox
17 25 0.004581027 ubox
17 43 0.608353125 ubox
17 46 0.734734184 ubox
17 47 0.004424752 ubox
17 52 0.218606254 ubox
17 116 0.008507537 ubox
18 24 0.004695036 ubox
18 41 0.052964905 ubox
18 42 0.599795931 ubox
18 45 0.735074461 ubox
18 49 0.009212066 ubox
18 51 0.218670924 ubox
18 115 0.008215475 ubox
19 23 0.004693350 ubox
19 40 0.053602480 ubox
19 44 0.734775150 ubox
19 48 0.009659393 ubox
19 50 0.218598373 ubox
20 39 0.043786256 ubox
20 40 0.998007637 ubox
21 38 0.030962603 ubox
21 39 0.998986744 ubox
21 40 0.004061277 ubox
22 38 0.999463712 ubox
23 37 0.999945997 ubox
24 36 0.999867401 ubox
25 35 0.999425365 ubox
25 53 0.007931998 ubox
26 36 0.006613782 ubox
26 52 0.008530112 ubox
27 34 0.998972782 ubox
27 35 0.009101186 ubox
28 33 0.999117820 ubox
28 34 0.009892689 ubox
28 50 0.009154323 ubox
29 33 0.009223514 ubox
29 49 0.009160746 ubox
30 48 0.009159694 ubox
31 47 0.006257260 ubox
34 47 0.006669246 ubox
35 46 0.009276691 ubox
36 45 0.009289982 ubox
37 44 0.009291283 ubox
38 43 0.009285097 ubox
43 53 0.139677185 ubox
43 115 0.003249657 ubox
44 52 0.148618381 ubox
44 84 0.004538058 ubox
44 114 0.003571707 ubox
45 81 0.016054841 ubox
45 83 0.004487289 ubox
46 54 0.025924949 ubox
46 80 0.016235349 ubox
47 53 0.060071552 ubox
47 80 0.021502664 ubox
47 82 0.003574513 ubox
48 52 0.073781716 ubox
48 79 0.205663509 ubox
48 81 0.003903858 ubox
49 78 0.207165567 ubox
50 77 0.207272003 ubox
50 79 0.037495092 ubox
51 78 0.037704174 ubox
52 76 0.196682029 ubox
52 115 0.003342798 ubox
53 75 0.164650460 ubox
53 114 0.003339119 ubox
54 74 0.116455226 ubox
54 75 0.985714863 ubox
55 74 0.993191009 ubox
56 73 0.999988973 ubox
57 72 0.999898727 ubox
58 71 0.999995440 ubox
59 70 0.999989301 ubox
60 69 0.999988466 ubox
61 68 0.999540969 ubox
62 66 0.036713886 ubox
76 109 0.006732807 ubox
76 114 0.010351134 ubox
76 116 0.976517516 ubox
77 108 0.006715811 ubox
77 113 0.010093450 ubox
77 115 0.976780188 ubox
78 117 0.003186875 ubox
79 107 0.006357260 ubox
79 113 0.976190450 ubox
79 115 0.035805237 ubox
80 92 0.006002028 ubox
80 106 0.007056495 ubox
80 112 0.979823656 ubox
80 114 0.193879805 ubox
80 116 0.005698664 ubox
81 91 0.006004643 ubox
81 111 0.980247108 ubox
81 113 0.193918576 ubox
81 115 0.005424958 ubox
82 90 0.005974566 ubox
82 104 0.014114515 ubox
82 110 0.969825824 ubox
82 112 0.193514800 ubox
83 100 0.007707580 ubox
83 103 0.014857984 ubox
83 111 0.174793840 ubox
84 99 0.008032479 ubox
84 102 0.014940632 ubox
84 108 0.999327761 ubox
85 98 0.008033382 ubox
85 101 0.014927559 ubox
85 107 0.999794730 ubox
85 113 0.004288604 ubox
86 97 0.007946153 ubox
86 104 0.011507443 ubox
86 106 0.998851832 ubox
86 112 0.004294621 ubox
87 99 0.003587495 ubox
87 100 0.014234795 ubox
87 102 0.008795945 ubox
87 103 0.020149438 ubox
87 111 0.004185912 ubox
88 98 0.003532187 ubox
88 99 0.014253718 ubox
88 100 0.003496287 ubox
88 101 0.008971642 ubox
88 102 0.020596395 ubox
88 103 0.044403013 ubox
89 98 0.014214451 ubox
89 99 0.003547349 ubox
89 100 0.009190349 ubox
89 101 0.018440657 ubox
89 102 0.043657478 ubox
89 103 0.961388769 ubox
90 98 0.003511381 ubox
90 99 0.009223063 ubox
90 100 0.018270766 ubox
90 101 0.029155316 ubox
90 102 0.918175954 ubox
91 109 0.005220658 ubox
92 99 0.062056578 ubox
92 101 0.989754796 ubox
92 102 0.009251259 ubox
92 108 0.005222930 ubox
93 98 0.054484897 ubox
93 99 0.042551160 ubox
93 100 0.992596489 ubox
93 101 0.006847409 ubox
93 103 0.078310975 ubox
93 107 0.003217687 ubox
94 98 0.045803949 ubox
94 99 0.990612041 ubox
94 101 0.005643533 ubox
94 102 0.083245929 ubox
95 101 0.083377185 ubox
96 100 0.076563416 ubox
106 117 0.005294993 ubox
107 116 0.006710799 ubox
108 114 0.009996013 ubox
108 116 0.015106264 ubox
109 113 0.009999660 ubox
109 115 0.015290000 ubox
