1 16 0.991201887 ubox
1 52 0.004526132 ubox
1 114 0.003861583 ubox
1 116 0.010449561 ubox
2 15 0.999899740 ubox
2 115 0.008784202 ubox
3 14 0.999970525 ubox
4 13 0.999720922 ubox
5 12 0.999992102 ubox
6 11 0.999793240 ubox
14 47 0.003451327 ubox
15 46 0.007561114 ubox
16 44 0.120735465 ubox
16 48 0.005713611 ubox
16 53 0.047080086 ubox
17 25 0.004816424 ubox
17 43 0.606277860 ubox
17 46 0.732578068 ubox
17 47 0.005074013 ubox
17 52 0.216565438 ubox
17 114 0.004280598 ubox
17 116 0.011139870 ubox
18 24 0.004933461 ubox
18 41 0.058355874 ubox
18 42 0.596558629 ubox
18 45 0.733038355 ubox
18 49 0.010542435 ubox
18 51 0.216652367 ubox
18 113 0.004075332 ubox
18 115 0.010723701 ubox
19 23 0.004928784 ubox
19 40 0.059470646 ubox
19 44 0.732679479 ubox
19 48 0.011122779 ubox
19 50 0.216566436 ubox
20 39 0.048585482 ubox
20 40 0.997533827 ubox
21 38 0.034357204 ubox
21 39 0.998750174 ubox
21 40 0.004649958 ubox
22 38 0.999337901 ubox
22 39 0.003298993 ubox
23 37 0.999930886 ubox
24 36 0.999825254 ubox
25 35 0.999228269 ubox
25 53 0.008909439 ubox
26 36 0.008377167 ubox
26 52 0.009440593 ubox
27 34 0.998586699 ubox
27 35 0.011534073 ubox
28 33 0.998767302 ubox
28 34 0.012509763 ubox
28 50 0.010136234 ubox
29 33 0.011591593 ubox
29 49 0.010146237 ubox
30 48 0.010144774 ubox
31 47 0.006979816 ubox
34 47 0.007357323 ubox
35 46 0.010362633 ubox
36 45 0.010381213 ubox
37 44 0.010383837 ubox
38 43 0.010373931 ubox
43 53 0.134620478 ubox
43 115 0.004295763 ubox
44 52 0.142390703 ubox
44 84 0.006133187 ubox
44 114 0.004650951 ubox
45 81 0.019277769 ubox
45 83 0.006064234 ubox
46 54 0.024660165 ubox
46 80 0.019512964 ubox
47 53 0.060041549 ubox
47 80 0.029301068 ubox
47 82 0.005345147 ubox
47 117 0.003622420 ubox
48 52 0.072503565 ubox
48 79 0.227485446 ubox
48 81 0.005832435 ubox
48 116 0.003920695 ubox
49 78 0.229393244 ubox
50 77 0.229528903 ubox
50 79 0.047544487 ubox
51 78 0.047865972 ubox
52 76 0.217241947 ubox
52 115 0.004210711 ubox
53 75 0.182002906 ubox
53 114 0.004205085 ubox
54 74 0.128739133 ubox
54 75 0.982594651 ubox
55 74 0.991670880 ubox
56 73 0.999982327 ubox
57 72 0.999876402 ubox
58 71 0.999992937 ubox
59 70 0.999985605 ubox
60 69 0.999983996 ubox
61 68 0.999354512 ubox
62 66 0.042231542 ubox
76 109 0.008748074 ubox
76 114 0.013042546 ubox
76 116 0.970640522 ubox
77 108 0.008723942 ubox
77 113 0.012692789 ubox
77 115 0.970978328 ubox
78 107 0.003858846 ubox
78 117 0.004156885 ubox
79 107 0.008213589 ubox
79 113 0.970284232 ubox
79 115 0.043688799 ubox
80 92 0.007962985 ubox
80 106 0.008807266 ubox
80 109 0.003732259 ubox
80 112 0.974687409 ubox
80 114 0.215528576 ubox
80 116 0.007577320 ubox
81 91 0.007968080 ubox
81 111 0.975214768 ubox
81 113 0.215599664 ubox
81 115 0.007230356 ubox
82 90 0.007919984 ubox
82 104 0.017514588 ubox
82 110 0.963263449 ubox
82 112 0.215027800 ubox
83 100 0.011569459 ubox
83 103 0.018524764 ubox
83 108 0.003982159 ubox
83 111 0.193394956 ubox
84 99 0.012118330 ubox
84 102 0.018649718 ubox
84 107 0.003371114 ubox
84 108 0.998986177 ubox
85 98 0.012120212 ubox
85 101 0.018627637 ubox
85 107 0.999621975 ubox
85 113 0.006266772 ubox
86 97 0.011968657 ubox
86 104 0.013889315 ubox
86 106 0.998126540 ubox
86 112 0.006278192 ubox
87 99 0.004989260 ubox
87 100 0.017388209 ubox
87 101 0.003932649 ubox
87 102 0.011059380 ubox
87 103 0.024640429 ubox
87 111 0.006094217 ubox
88 98 0.004891342 ubox
88 99 0.017419829 ubox
88 100 0.004458595 ubox
88 101 0.011320516 ubox
88 102 0.025250138 ubox
88 103 0.050640374 ubox
89 98 0.017352522 ubox
89 99 0.004536807 ubox
89 100 0.011675966 ubox
89 101 0.022275020 ubox
89 102 0.049592133 ubox
89 103 0.942384520 ubox
90 98 0.004469730 ubox
90 99 0.011721758 ubox
90 100 0.022040989 ubox
90 101 0.031745486 ubox
90 102 0.890475411 ubox
90 117 0.003181596 ubox
91 97 0.003181594 ubox
91 109 0.007844280 ubox
91 116 0.004026640 ubox
92 99 0.069940630 ubox
92 101 0.985776146 ubox
92 102 0.012053406 ubox
92 108 0.007848749 ubox
92 115 0.004024636 ubox
93 98 0.061739689 ubox
93 99 0.046236123 ubox
93 100 0.989291222 ubox
93 101 0.008960933 ubox
93 102 0.003800845 ubox
93 103 0.098996403 ubox
93 107 0.004846756 ubox
94 98 0.050070456 ubox
94 99 0.986958942 ubox
94 101 0.006999948 ubox
94 102 0.105074805 ubox
95 101 0.105227158 ubox
96 100 0.096185573 ubox
106 117 0.007041219 ubox
107 114 0.003518193 ubox
107 116 0.008903434 ubox
108 114 0.013059907 ubox
108 116 0.019370507 ubox
109 113 0.013053524 ubox
109 115 0.019588367 ubox
