1 16 0.987219319 ubox
1 46 0.004649788 ubox
1 52 0.006578380 ubox
1 109 0.010416113 ubox
1 114 0.014871170 ubox
1 116 0.024116858 ubox
2 15 0.999330445 ubox
2 102 0.010562756 ubox
2 108 0.010231987 ubox
2 113 0.013782889 ubox
2 115 0.021120065 ubox
3 14 0.999712545 ubox
3 17 0.005309496 ubox
3 101 0.010581239 ubox
3 107 0.010090590 ubox
3 113 0.004421666 ubox
4 13 0.999341778 ubox
4 16 0.007451664 ubox
4 106 0.006934463 ubox
4 109 0.013011904 ubox
5 12 0.999783522 ubox
5 15 0.007548004 ubox
5 34 0.003170284 ubox
5 99 0.011483359 ubox
5 102 0.004886182 ubox
5 108 0.013034381 ubox
6 11 0.999299639 ubox
6 14 0.007548807 ubox
6 33 0.003337660 ubox
6 98 0.011505194 ubox
6 101 0.004887946 ubox
6 107 0.013033192 ubox
7 13 0.006319121 ubox
7 32 0.003307752 ubox
7 97 0.011400297 ubox
7 106 0.012668742 ubox
8 96 0.011359593 ubox
8 105 0.012014826 ubox
9 30 0.004553579 ubox
9 90 0.008110711 ubox
9 94 0.004516759 ubox
9 95 0.010339859 ubox
9 97 0.005234225 ubox
9 104 0.005812421 ubox
10 29 0.004557920 ubox
10 89 0.009983335 ubox
10 93 0.006317988 ubox
10 96 0.005497507 ubox
11 28 0.004488600 ubox
11 88 0.010430864 ubox
11 92 0.006208416 ubox
11 93 0.007437865 ubox
11 95 0.005543433 ubox
12 27 0.004465907 ubox
12 87 0.012131455 ubox
12 92 0.007820176 ubox
12 94 0.005538447 ubox
13 26 0.004441974 ubox
13 86 0.012323815 ubox
13 91 0.007592833 ubox
14 25 0.004288520 ubox
14 28 0.003603966 ubox
14 47 0.009326676 ubox
14 85 0.012451260 ubox
14 90 0.005115554 ubox
14 93 0.005038364 ubox
15 27 0.003982191 ubox
15 46 0.016303789 ubox
15 84 0.012228306 ubox
15 89 0.003592908 ubox
15 92 0.005380055 ubox
15 116 0.006666968 ubox
16 23 0.004061584 ubox
16 26 0.004123873 ubox
16 44 0.143310124 ubox
16 48 0.009111484 ubox
16 53 0.050902739 ubox
16 91 0.005309510 ubox
16 115 0.007452846 ubox
17 22 0.004217905 ubox
17 25 0.006950248 ubox
17 43 0.591467889 ubox
17 46 0.709260115 ubox
17 47 0.008481555 ubox
17 52 0.200192419 ubox
17 77 0.004003955 ubox
17 104 0.015284876 ubox
17 109 0.021301776 ubox
17 112 0.003961637 ubox
17 114 0.016446193 ubox
17 116 0.031982098 ubox
18 24 0.007053546 ubox
18 41 0.090722616 ubox
18 42 0.576093403 ubox
18 45 0.710665515 ubox
18 49 0.016961670 ubox
18 51 0.200442678 ubox
18 76 0.003798370 ubox
18 103 0.016149673 ubox
18 108 0.021130436 ubox
18 111 0.003970157 ubox
18 113 0.015490844 ubox
18 115 0.030253042 ubox
18 117 0.003712703 ubox
19 23 0.007003344 ubox
19 40 0.093754520 ubox
19 44 0.710046734 ubox
19 48 0.018460374 ubox
19 50 0.200297213 ubox
19 53 0.004498428 ubox
19 102 0.016312045 ubox
19 107 0.020754024 ubox
20 39 0.076652921 ubox
20 40 0.993697332 ubox
20 101 0.013441736 ubox
21 38 0.054224882 ubox
21 39 0.996802373 ubox
21 40 0.007792032 ubox
21 99 0.010118484 ubox
21 108 0.007150571 ubox
22 38 0.998272865 ubox
22 39 0.005567711 ubox
22 98 0.010118000 ubox
22 107 0.007272408 ubox
23 37 0.999735380 ubox
23 97 0.009872920 ubox
23 106 0.007250853 ubox
24 36 0.999361102 ubox
24 96 0.009653334 ubox
24 105 0.007112050 ubox
25 35 0.997468157 ubox
25 53 0.013420156 ubox
26 36 0.020667543 ubox
26 52 0.013795006 ubox
26 92 0.009757852 ubox
27 34 0.994947185 ubox
27 35 0.028503750 ubox
27 91 0.009748033 ubox
27 102 0.007329511 ubox
28 33 0.995359951 ubox
28 34 0.030666439 ubox
28 50 0.015014386 ubox
28 101 0.007331466 ubox
29 33 0.027636124 ubox
29 49 0.015075923 ubox
29 100 0.007257826 ubox
30 48 0.015072055 ubox
30 99 0.006982752 ubox
31 47 0.010644202 ubox
31 87 0.009361276 ubox
32 86 0.009910433 ubox
33 85 0.009962536 ubox
33 95 0.004050106 ubox
33 96 0.005320207 ubox
34 47 0.011715550 ubox
34 84 0.009836554 ubox
34 94 0.004021490 ubox
34 95 0.005394001 ubox
35 46 0.019220797 ubox
35 94 0.005171599 ubox
36 45 0.019341645 ubox
37 44 0.019412679 ubox
37 91 0.005082955 ubox
38 43 0.019341292 ubox
38 90 0.005050448 ubox
39 89 0.004814747 ubox
40 88 0.004787256 ubox
41 87 0.004753827 ubox
42 81 0.006747723 ubox
43 53 0.112917579 ubox
43 80 0.006987485 ubox
43 107 0.005205939 ubox
43 115 0.013920401 ubox
44 52 0.116636331 ubox
44 79 0.006419083 ubox
44 84 0.025612991 ubox
44 106 0.005101089 ubox
44 114 0.014476867 ubox
45 78 0.005565905 ubox
45 81 0.044021772 ubox
45 83 0.025251631 ubox
45 105 0.004506231 ubox
46 54 0.020536777 ubox
46 80 0.044744785 ubox
47 53 0.059337852 ubox
47 80 0.103856811 ubox
47 82 0.029882078 ubox
47 115 0.005111714 ubox
47 117 0.011664035 ubox
48 52 0.067144723 ubox
48 79 0.343469842 ubox
48 81 0.031881906 ubox
48 84 0.007995672 ubox
48 114 0.005333494 ubox
48 116 0.013329869 ubox
49 78 0.347954954 ubox
49 83 0.007937000 ubox
50 77 0.348113734 ubox
50 79 0.119809940 ubox
51 78 0.121359771 ubox
51 81 0.010402271 ubox
52 70 0.007525748 ubox
52 76 0.326189737 ubox
52 80 0.011171035 ubox
52 115 0.010223245 ubox
53 69 0.007709096 ubox
53 75 0.273445988 ubox
53 79 0.011308281 ubox
53 114 0.010193396 ubox
54 68 0.007710431 ubox
54 74 0.193546532 ubox
54 75 0.960495297 ubox
55 67 0.007707807 ubox
55 74 0.981038114 ubox
56 66 0.007718181 ubox
56 73 0.999880903 ubox
57 65 0.007713391 ubox
57 72 0.999718925 ubox
58 64 0.007698993 ubox
58 71 0.999955474 ubox
59 70 0.999942182 ubox
60 68 0.004058612 ubox
60 69 0.999919590 ubox
61 67 0.004686308 ubox
61 68 0.997620762 ubox
62 66 0.071852133 ubox
71 116 0.005281054 ubox
72 115 0.005285736 ubox
73 114 0.005294923 ubox
74 113 0.005280671 ubox
75 115 0.005857873 ubox
76 109 0.024139233 ubox
76 114 0.031181948 ubox
76 116 0.922955026 ubox
77 108 0.024061138 ubox
77 113 0.030100175 ubox
77 115 0.923730825 ubox
78 107 0.012851573 ubox
78 108 0.005877238 ubox
78 117 0.012768213 ubox
79 107 0.021332711 ubox
79 113 0.922485570 ubox
79 115 0.092843626 ubox
80 92 0.023757284 ubox
80 104 0.010668999 ubox
80 106 0.021151430 ubox
80 109 0.012230427 ubox
80 112 0.931868104 ubox
80 114 0.324953992 ubox
80 116 0.022050991 ubox
81 91 0.023822414 ubox
81 103 0.011553937 ubox
81 107 0.003342448 ubox
81 108 0.009079499 ubox
81 111 0.933574501 ubox
81 113 0.325548993 ubox
81 115 0.021125512 ubox
82 90 0.023538084 ubox
82 104 0.042804765 ubox
82 110 0.914283335 ubox
82 112 0.323441539 ubox
83 100 0.054584811 ubox
83 103 0.046428493 ubox
83 108 0.010143967 ubox
83 111 0.285874416 ubox
84 99 0.058639070 ubox
84 102 0.047110799 ubox
84 107 0.009601160 ubox
84 108 0.991985751 ubox
85 91 0.005332382 ubox
85 98 0.058669891 ubox
85 101 0.046947485 ubox
85 107 0.994088252 ubox
85 113 0.026117076 ubox
86 90 0.004457147 ubox
86 97 0.057419916 ubox
86 104 0.026191256 ubox
86 106 0.986352841 ubox
86 112 0.026223419 ubox
87 99 0.017363567 ubox
87 100 0.036717246 ubox
87 101 0.008456753 ubox
87 102 0.023205684 ubox
87 103 0.048177171 ubox
87 108 0.004424318 ubox
87 111 0.024901009 ubox
88 98 0.016530062 ubox
88 99 0.036904843 ubox
88 100 0.010886354 ubox
88 101 0.024238560 ubox
88 102 0.049836560 ubox
88 103 0.076290256 ubox
88 107 0.005712900 ubox
88 108 0.006053375 ubox
89 98 0.036400157 ubox
89 99 0.011256636 ubox
89 100 0.026454534 ubox
89 101 0.041333263 ubox
89 102 0.073178518 ubox
89 103 0.783352388 ubox
89 107 0.007883780 ubox
89 108 0.003661401 ubox
90 98 0.010664039 ubox
90 99 0.026664950 ubox
90 100 0.040759740 ubox
90 101 0.040157221 ubox
90 102 0.694941840 ubox
90 107 0.004239640 ubox
90 111 0.003788850 ubox
90 115 0.012180555 ubox
90 117 0.017769148 ubox
91 97 0.007922485 ubox
91 106 0.006275665 ubox
91 109 0.036803336 ubox
91 114 0.016322748 ubox
91 116 0.022632525 ubox
92 99 0.099605972 ubox
92 101 0.951814094 ubox
92 102 0.028941015 ubox
92 108 0.036863411 ubox
92 113 0.016320287 ubox
92 115 0.022609557 ubox
93 98 0.089572752 ubox
93 99 0.056640757 ubox
93 100 0.957978819 ubox
93 101 0.021765497 ubox
93 102 0.009370394 ubox
93 103 0.216021785 ubox
93 107 0.023009868 ubox
94 98 0.064460255 ubox
94 99 0.953743624 ubox
94 101 0.014744355 ubox
94 102 0.229484485 ubox
94 108 0.004655041 ubox
95 101 0.229702808 ubox
95 102 0.006020205 ubox
95 107 0.004740119 ubox
96 100 0.205894842 ubox
96 101 0.005883257 ubox
96 103 0.003549700 ubox
97 102 0.003755413 ubox
97 111 0.004897126 ubox
98 110 0.005082622 ubox
99 109 0.005070967 ubox
100 110 0.005025626 ubox
101 109 0.005860525 ubox
101 110 0.007613114 ubox
102 109 0.007948751 ubox
103 112 0.003501933 ubox
104 111 0.003737837 ubox
105 117 0.004796716 ubox
106 115 0.011262262 ubox
106 117 0.024387042 ubox
107 114 0.016257594 ubox
107 116 0.030686395 ubox
108 114 0.043051929 ubox
108 116 0.058928226 ubox
109 113 0.042857952 ubox
109 115 0.059440532 ubox
