1 16 0.985730041 ubox
1 46 0.005142561 ubox
1 52 0.007084289 ubox
1 109 0.017287343 ubox
1 114 0.022578783 ubox
1 116 0.030408405 ubox
2 12 0.003198680 ubox
2 15 0.998737044 ubox
2 102 0.016615382 ubox
2 108 0.017080116 ubox
2 113 0.021406754 ubox
2 115 0.026985934 ubox
3 11 0.003203973 ubox
3 14 0.999329223 ubox
3 17 0.008060793 ubox
3 101 0.016654988 ubox
3 107 0.016841774 ubox
3 113 0.007204090 ubox
4 13 0.998939130 ubox
4 16 0.011671098 ubox
4 106 0.012004941 ubox
4 109 0.021816399 ubox
5 12 0.999437233 ubox
5 15 0.011849259 ubox
5 34 0.005202454 ubox
5 99 0.018382943 ubox
5 102 0.008347132 ubox
5 108 0.021865633 ubox
6 11 0.998839838 ubox
6 14 0.011851000 ubox
6 33 0.005456883 ubox
6 98 0.018425954 ubox
6 101 0.008349336 ubox
6 107 0.021863165 ubox
7 13 0.009976721 ubox
7 32 0.005400877 ubox
7 97 0.018210831 ubox
7 106 0.021189559 ubox
8 96 0.018104577 ubox
8 105 0.019881218 ubox
9 30 0.007528539 ubox
9 90 0.013086691 ubox
9 94 0.007309630 ubox
9 95 0.016440372 ubox
9 97 0.008919164 ubox
9 104 0.009536389 ubox
10 29 0.007538660 ubox
10 89 0.016029204 ubox
10 93 0.010193223 ubox
10 96 0.009516330 ubox
11 28 0.007413996 ubox
11 47 0.004706532 ubox
11 88 0.016786174 ubox
11 92 0.010011980 ubox
11 93 0.011618022 ubox
11 94 0.005162179 ubox
11 95 0.009623628 ubox
12 27 0.007373429 ubox
12 46 0.005468580 ubox
12 87 0.019573080 ubox
12 92 0.012313221 ubox
12 94 0.009615608 ubox
13 26 0.007328385 ubox
13 45 0.005155961 ubox
13 86 0.019946898 ubox
13 91 0.011916802 ubox
14 25 0.007060264 ubox
14 28 0.005740126 ubox
14 47 0.013037833 ubox
14 85 0.020165989 ubox
14 90 0.007938912 ubox
14 93 0.008908948 ubox
15 27 0.006119222 ubox
15 46 0.020975911 ubox
15 84 0.019726396 ubox
15 89 0.005272176 ubox
15 92 0.009557560 ubox
15 114 0.004311780 ubox
15 116 0.009942288 ubox
16 23 0.006623300 ubox
16 26 0.006259252 ubox
16 44 0.150183020 ubox
16 48 0.010053206 ubox
16 53 0.050819378 ubox
16 91 0.009437090 ubox
16 113 0.004564368 ubox
16 115 0.011062201 ubox
17 22 0.006743783 ubox
17 25 0.008613262 ubox
17 43 0.585130746 ubox
17 46 0.697524933 ubox
17 47 0.009526986 ubox
17 52 0.192494017 ubox
17 77 0.005301601 ubox
17 90 0.003734453 ubox
17 104 0.023434733 ubox
17 109 0.034700077 ubox
17 112 0.006003738 ubox
17 114 0.023670240 ubox
17 116 0.041496508 ubox
18 24 0.008700272 ubox
18 41 0.101641647 ubox
18 42 0.568137266 ubox
18 45 0.699336058 ubox
18 49 0.018667727 ubox
18 51 0.192807325 ubox
18 76 0.004998981 ubox
18 103 0.024923863 ubox
18 108 0.034427940 ubox
18 111 0.005996482 ubox
18 113 0.022234892 ubox
18 115 0.039036680 ubox
18 117 0.004749104 ubox
19 23 0.008610370 ubox
19 40 0.105319094 ubox
19 44 0.698677663 ubox
19 48 0.020511774 ubox
19 50 0.192650865 ubox
19 53 0.005235488 ubox
19 101 0.003644448 ubox
19 102 0.025232243 ubox
19 107 0.033720981 ubox
20 39 0.086135722 ubox
20 40 0.991861515 ubox
20 101 0.020744852 ubox
21 38 0.060947269 ubox
21 39 0.995849819 ubox
21 40 0.008846659 ubox
21 99 0.015541256 ubox
21 108 0.011274068 ubox
22 38 0.997710707 ubox
22 39 0.006345142 ubox
22 98 0.015540283 ubox
22 107 0.011470339 ubox
23 37 0.999551762 ubox
23 97 0.015103390 ubox
23 106 0.011426458 ubox
24 36 0.999028181 ubox
24 96 0.014664860 ubox
24 105 0.011153672 ubox
25 35 0.996528740 ubox
25 53 0.014600603 ubox
26 36 0.025633141 ubox
26 52 0.014961225 ubox
26 92 0.014905783 ubox
27 34 0.993018456 ubox
27 35 0.035363459 ubox
27 91 0.014888165 ubox
27 102 0.011570601 ubox
28 33 0.993519437 ubox
28 34 0.037974773 ubox
28 50 0.016453593 ubox
28 101 0.011574660 ubox
29 33 0.033959363 ubox
29 49 0.016559629 ubox
29 100 0.011442435 ubox
30 48 0.016556735 ubox
30 98 0.003499556 ubox
30 99 0.010974320 ubox
31 47 0.011763114 ubox
31 87 0.014275504 ubox
31 97 0.004567926 ubox
32 86 0.015242425 ubox
33 85 0.015344108 ubox
33 95 0.006302304 ubox
33 96 0.008108744 ubox
34 47 0.014082831 ubox
34 84 0.015131407 ubox
34 94 0.006261252 ubox
34 95 0.008259695 ubox
35 46 0.024848428 ubox
35 83 0.004201122 ubox
35 92 0.004039518 ubox
35 93 0.003639424 ubox
35 94 0.007891831 ubox
36 45 0.025075123 ubox
36 82 0.003572174 ubox
36 91 0.003330907 ubox
37 44 0.025229137 ubox
37 91 0.007383442 ubox
38 43 0.025101872 ubox
38 90 0.007306989 ubox
39 46 0.003212543 ubox
39 85 0.004927315 ubox
39 89 0.006818784 ubox
40 84 0.005030137 ubox
40 88 0.006769816 ubox
40 89 0.003278434 ubox
41 83 0.005095222 ubox
41 87 0.006786587 ubox
41 88 0.004092388 ubox
42 81 0.010635025 ubox
42 87 0.003998573 ubox
43 53 0.106537853 ubox
43 80 0.011006379 ubox
43 107 0.008502762 ubox
43 113 0.004029995 ubox
43 115 0.019065342 ubox
44 52 0.109173960 ubox
44 79 0.009926327 ubox
44 84 0.036959687 ubox
44 106 0.008282036 ubox
44 114 0.019759158 ubox
45 78 0.008577743 ubox
45 81 0.055163004 ubox
45 83 0.036401046 ubox
45 105 0.007146677 ubox
46 54 0.019612442 ubox
46 80 0.056151230 ubox
46 101 0.003197443 ubox
46 102 0.003244982 ubox
46 108 0.004135601 ubox
47 53 0.058574268 ubox
47 80 0.142842850 ubox
47 82 0.046011911 ubox
47 86 0.004927645 ubox
47 107 0.004073938 ubox
47 115 0.007381041 ubox
47 117 0.015810997 ubox
48 52 0.065272876 ubox
48 75 0.003479344 ubox
48 79 0.384695695 ubox
48 81 0.048744070 ubox
48 84 0.012008370 ubox
48 85 0.004747365 ubox
48 114 0.007629457 ubox
48 116 0.018067159 ubox
49 78 0.390008268 ubox
49 83 0.011982710 ubox
50 77 0.390031058 ubox
50 79 0.150813857 ubox
51 78 0.152981852 ubox
51 81 0.015311061 ubox
52 70 0.009893817 ubox
52 76 0.364548166 ubox
52 80 0.016503833 ubox
52 115 0.012640535 ubox
53 69 0.010172290 ubox
53 75 0.305263464 ubox
53 79 0.016678713 ubox
53 114 0.012597729 ubox
54 68 0.010174570 ubox
54 74 0.216128091 ubox
54 75 0.950543112 ubox
54 78 0.004271178 ubox
55 67 0.010170571 ubox
55 74 0.976275867 ubox
55 77 0.003181463 ubox
56 66 0.010185839 ubox
56 73 0.999805461 ubox
57 65 0.010177620 ubox
57 72 0.999648062 ubox
58 64 0.010154036 ubox
58 71 0.999927906 ubox
59 70 0.999913122 ubox
60 68 0.005257210 ubox
60 69 0.999869278 ubox
61 67 0.006051969 ubox
61 68 0.996744310 ubox
62 66 0.081484682 ubox
71 116 0.006909980 ubox
72 115 0.006918867 ubox
73 114 0.006932993 ubox
74 113 0.006908994 ubox
75 115 0.007684532 ubox
76 92 0.003553427 ubox
76 109 0.030949374 ubox
76 114 0.038015859 ubox
76 116 0.898256167 ubox
77 91 0.003558214 ubox
77 108 0.030853017 ubox
77 113 0.036624107 ubox
77 115 0.899154742 ubox
78 103 0.003266428 ubox
78 107 0.017605547 ubox
78 108 0.007924479 ubox
78 117 0.016786691 ubox
79 102 0.003669890 ubox
79 107 0.026587720 ubox
79 113 0.897747505 ubox
79 115 0.110168030 ubox
80 92 0.030905171 ubox
80 104 0.015218132 ubox
80 106 0.026066073 ubox
80 109 0.016144072 ubox
80 112 0.909033447 ubox
80 114 0.357268024 ubox
80 116 0.028000041 ubox
81 91 0.031023585 ubox
81 103 0.016745932 ubox
81 107 0.004775038 ubox
81 108 0.011992336 ubox
81 111 0.911485969 ubox
81 113 0.358218363 ubox
81 115 0.026814659 ubox
82 90 0.030591129 ubox
82 104 0.053673243 ubox
82 106 0.004442446 ubox
82 110 0.890336375 ubox
82 112 0.355375760 ubox
83 100 0.078197687 ubox
83 103 0.058719643 ubox
83 108 0.012696933 ubox
83 111 0.312734969 ubox
84 99 0.084669441 ubox
84 102 0.059774771 ubox
84 107 0.012389039 ubox
84 108 0.985072328 ubox
85 91 0.008328550 ubox
85 98 0.084728900 ubox
85 101 0.059515729 ubox
85 107 0.987893643 ubox
85 113 0.035978117 ubox
86 90 0.006866350 ubox
86 97 0.082682046 ubox
86 104 0.029606557 ubox
86 106 0.977147042 ubox
86 112 0.036145488 ubox
87 99 0.023041498 ubox
87 100 0.043270802 ubox
87 101 0.009877116 ubox
87 102 0.026484919 ubox
87 103 0.054509664 ubox
87 108 0.005905026 ubox
87 111 0.034078141 ubox
88 98 0.021685856 ubox
88 99 0.043535769 ubox
88 100 0.013394200 ubox
88 101 0.027879401 ubox
88 102 0.056470915 ubox
88 103 0.081062001 ubox
88 107 0.008072224 ubox
88 108 0.008512353 ubox
89 98 0.042740045 ubox
89 99 0.013903820 ubox
89 100 0.031288771 ubox
89 101 0.046176151 ubox
89 102 0.077268034 ubox
89 103 0.721511925 ubox
89 107 0.011401623 ubox
89 108 0.005200337 ubox
90 98 0.012951979 ubox
90 99 0.031606686 ubox
90 100 0.045571494 ubox
90 101 0.041241454 ubox
90 102 0.626795074 ubox
90 107 0.006130266 ubox
90 111 0.006029725 ubox
90 115 0.018869962 ubox
90 117 0.025833941 ubox
91 97 0.009852008 ubox
91 106 0.008689702 ubox
91 109 0.052077369 ubox
91 114 0.025016002 ubox
91 116 0.032956118 ubox
92 99 0.104671182 ubox
92 101 0.935796430 ubox
92 102 0.034074800 ubox
92 108 0.052186669 ubox
92 113 0.025010186 ubox
92 115 0.032915809 ubox
93 98 0.094516585 ubox
93 99 0.057385470 ubox
93 100 0.942293311 ubox
93 101 0.025656152 ubox
93 102 0.011245859 ubox
93 103 0.252592680 ubox
93 107 0.032679302 ubox
94 98 0.066678555 ubox
94 99 0.937457338 ubox
94 101 0.017110229 ubox
94 102 0.268981857 ubox
94 108 0.007238279 ubox
95 101 0.269201713 ubox
95 102 0.007968812 ubox
95 107 0.007382101 ubox
95 108 0.003375657 ubox
96 100 0.240051293 ubox
96 101 0.007782613 ubox
96 103 0.005346974 ubox
96 107 0.003321823 ubox
97 102 0.005721394 ubox
97 111 0.007454909 ubox
98 110 0.007794908 ubox
99 105 0.003304958 ubox
99 106 0.005492259 ubox
99 109 0.007767615 ubox
100 105 0.005251022 ubox
100 110 0.007617108 ubox
101 109 0.008838752 ubox
101 110 0.010444561 ubox
102 109 0.010940601 ubox
103 112 0.005028539 ubox
104 111 0.005466165 ubox
105 117 0.007375183 ubox
106 115 0.016408835 ubox
106 117 0.033118890 ubox
107 112 0.003363790 ubox
107 114 0.023543932 ubox
107 116 0.041642840 ubox
108 114 0.057874079 ubox
108 116 0.077975816 ubox
109 113 0.057554919 ubox
109 115 0.078653465 ubox
