1 13 0.003184432 ubox
1 16 0.985109691 ubox
1 46 0.005312187 ubox
1 52 0.007240245 ubox
1 109 0.020442604 ubox
1 114 0.026026117 ubox
1 116 0.032974321 ubox
2 12 0.003370488 ubox
2 15 0.998410601 ubox
2 102 0.019285505 ubox
2 108 0.020229726 ubox
2 113 0.024820923 ubox
2 115 0.029406609 ubox
3 11 0.003376883 ubox
3 14 0.999098610 ubox
3 17 0.009272245 ubox
3 101 0.019336236 ubox
3 107 0.019946963 ubox
3 113 0.008489912 ubox
4 13 0.998706100 ubox
4 16 0.013583415 ubox
4 106 0.014355457 ubox
4 109 0.025850991 ubox
4 114 0.003313015 ubox
5 12 0.999224988 ubox
5 15 0.013801851 ubox
5 34 0.006144736 ubox
5 99 0.021464981 ubox
5 102 0.009936130 ubox
5 108 0.025914621 ubox
5 113 0.003197266 ubox
6 11 0.998584849 ubox
6 14 0.013804139 ubox
6 33 0.006439063 ubox
6 98 0.021518735 ubox
6 101 0.009938255 ubox
6 107 0.025911486 ubox
7 13 0.011642229 ubox
7 32 0.006369891 ubox
7 97 0.021245899 ubox
7 106 0.025087836 ubox
8 96 0.021100629 ubox
8 105 0.023446415 ubox
9 30 0.008901967 ubox
9 90 0.015269567 ubox
9 94 0.008557064 ubox
9 95 0.019147884 ubox
9 97 0.010600472 ubox
9 104 0.011225018 ubox
10 29 0.008915311 ubox
10 89 0.018680896 ubox
10 93 0.011918444 ubox
10 96 0.011381899 ubox
11 28 0.008763906 ubox
11 30 0.003257373 ubox
11 47 0.005637382 ubox
11 88 0.019577814 ubox
11 92 0.011704166 ubox
11 93 0.013436645 ubox
11 94 0.006190442 ubox
11 95 0.011523854 ubox
12 27 0.008714718 ubox
12 46 0.006584406 ubox
12 87 0.022860972 ubox
12 92 0.014281976 ubox
12 93 0.003636340 ubox
12 94 0.011514439 ubox
13 26 0.008659077 ubox
13 45 0.006210924 ubox
13 48 0.003195868 ubox
13 86 0.023327027 ubox
13 91 0.013807053 ubox
14 25 0.008336072 ubox
14 28 0.006720866 ubox
14 47 0.014652223 ubox
14 85 0.023589682 ubox
14 90 0.009167920 ubox
14 93 0.010727925 ubox
15 27 0.007106549 ubox
15 46 0.022993623 ubox
15 84 0.023041464 ubox
15 89 0.005973481 ubox
15 92 0.011528645 ubox
15 114 0.004958367 ubox
15 116 0.011380543 ubox
16 23 0.007795480 ubox
16 26 0.007249985 ubox
16 44 0.152832086 ubox
16 48 0.010363955 ubox
16 53 0.050627142 ubox
16 91 0.011385572 ubox
16 113 0.005252244 ubox
16 115 0.012643679 ubox
17 22 0.007905686 ubox
17 25 0.009436789 ubox
17 43 0.582681152 ubox
17 46 0.692781707 ubox
17 47 0.009885154 ubox
17 52 0.189394460 ubox
17 77 0.005816382 ubox
17 90 0.004689181 ubox
17 92 0.003798967 ubox
17 104 0.026898974 ubox
17 109 0.040642908 ubox
17 112 0.006906879 ubox
17 114 0.026782694 ubox
17 116 0.045239852 ubox
18 24 0.009517333 ubox
18 41 0.105517438 ubox
18 42 0.565137560 ubox
18 45 0.694747459 ubox
18 49 0.019213005 ubox
18 51 0.189730500 ubox
18 76 0.005472835 ubox
18 91 0.003576524 ubox
18 102 0.003297193 ubox
18 103 0.028674416 ubox
18 108 0.040325286 ubox
18 111 0.006889349 ubox
18 113 0.025136638 ubox
18 115 0.042476019 ubox
18 117 0.005163755 ubox
19 23 0.009407257 ubox
19 40 0.109447043 ubox
19 44 0.694082952 ubox
19 48 0.021181721 ubox
19 50 0.189571530 ubox
19 53 0.005485045 ubox
19 101 0.004320492 ubox
19 102 0.029053997 ubox
19 107 0.039457846 ubox
19 108 0.003277373 ubox
20 39 0.089523101 ubox
20 40 0.991111653 ubox
20 101 0.023871632 ubox
21 38 0.063350468 ubox
21 39 0.995455040 ubox
21 40 0.009233826 ubox
21 99 0.017859041 ubox
21 108 0.013124251 ubox
22 38 0.997467022 ubox
22 39 0.006633170 ubox
22 98 0.017857813 ubox
22 107 0.013355267 ubox
23 37 0.999453544 ubox
23 94 0.003279641 ubox
23 97 0.017330050 ubox
23 106 0.013299738 ubox
24 36 0.998867228 ubox
24 93 0.003363918 ubox
24 96 0.016779853 ubox
24 105 0.012958395 ubox
25 35 0.996127528 ubox
25 53 0.014985755 ubox
26 32 0.003202562 ubox
26 36 0.027514627 ubox
26 52 0.015343543 ubox
26 92 0.017086207 ubox
27 34 0.992212791 ubox
27 35 0.037963179 ubox
27 91 0.017064956 ubox
27 102 0.013477014 ubox
28 33 0.992746541 ubox
28 34 0.040741041 ubox
28 50 0.016953064 ubox
28 101 0.013482200 ubox
29 33 0.036337184 ubox
29 49 0.017082621 ubox
29 100 0.013321844 ubox
30 48 0.017080844 ubox
30 98 0.004114627 ubox
30 99 0.012763507 ubox
31 47 0.012159349 ubox
31 87 0.016359670 ubox
31 97 0.005359872 ubox
32 86 0.017521701 ubox
33 85 0.017648280 ubox
33 94 0.003710277 ubox
33 95 0.007300535 ubox
33 96 0.009325024 ubox
34 47 0.015171341 ubox
34 84 0.017396124 ubox
34 93 0.003706804 ubox
34 94 0.007254884 ubox
34 95 0.009516220 ubox
35 46 0.027398100 ubox
35 83 0.004926864 ubox
35 92 0.004864902 ubox
35 93 0.004162461 ubox
35 94 0.009080810 ubox
36 45 0.027678971 ubox
36 82 0.004165413 ubox
36 91 0.004058026 ubox
37 44 0.027875453 ubox
37 48 0.003472653 ubox
37 91 0.008334545 ubox
38 43 0.027719405 ubox
38 47 0.003563301 ubox
38 90 0.008234614 ubox
39 46 0.003652719 ubox
39 85 0.005933850 ubox
39 89 0.007617352 ubox
39 90 0.003657305 ubox
40 84 0.006055624 ubox
40 88 0.007558950 ubox
40 89 0.003872020 ubox
41 83 0.006113278 ubox
41 87 0.007612101 ubox
41 88 0.004857652 ubox
42 81 0.012339053 ubox
42 87 0.004752175 ubox
43 53 0.104243294 ubox
43 80 0.012767737 ubox
43 91 0.003170125 ubox
43 107 0.010004545 ubox
43 113 0.004634939 ubox
43 115 0.021200096 ubox
44 52 0.106494687 ubox
44 79 0.011467269 ubox
44 84 0.041673812 ubox
44 88 0.003319826 ubox
44 90 0.003220596 ubox
44 106 0.009727330 ubox
44 114 0.021959892 ubox
45 78 0.009897494 ubox
45 81 0.059491475 ubox
45 83 0.041029658 ubox
45 87 0.003550272 ubox
45 105 0.008322381 ubox
46 54 0.019294156 ubox
46 80 0.060591110 ubox
46 101 0.003693676 ubox
46 102 0.003772849 ubox
46 108 0.004771333 ubox
47 53 0.058199518 ubox
47 80 0.158687404 ubox
47 82 0.053034581 ubox
47 86 0.005847244 ubox
47 101 0.003172729 ubox
47 107 0.004688285 ubox
47 111 0.003589246 ubox
47 115 0.008334462 ubox
47 117 0.017463466 ubox
48 52 0.064530684 ubox
48 75 0.003787387 ubox
48 79 0.400170373 ubox
48 81 0.056046371 ubox
48 84 0.013723476 ubox
48 85 0.005634195 ubox
48 106 0.003444161 ubox
48 114 0.008594125 ubox
48 116 0.019948244 ubox
49 78 0.405753694 ubox
49 83 0.013719657 ubox
49 105 0.003234583 ubox
50 77 0.405695096 ubox
50 79 0.162886166 ubox
50 84 0.003338849 ubox
51 78 0.165291058 ubox
51 81 0.017381742 ubox
52 70 0.010820544 ubox
52 76 0.378860550 ubox
52 80 0.018760700 ubox
52 115 0.013547191 ubox
53 69 0.011140320 ubox
53 75 0.317077607 ubox
53 78 0.003332399 ubox
53 79 0.018949203 ubox
53 114 0.013499469 ubox
54 68 0.011143048 ubox
54 74 0.224517024 ubox
54 75 0.946543877 ubox
54 78 0.004943543 ubox
55 67 0.011138458 ubox
55 74 0.974363950 ubox
55 77 0.003676454 ubox
56 66 0.011155819 ubox
56 73 0.999770555 ubox
56 76 0.003255377 ubox
57 65 0.011145995 ubox
57 72 0.999619561 ubox
58 64 0.011118264 ubox
58 71 0.999915298 ubox
59 70 0.999900038 ubox
60 68 0.005724982 ubox
60 69 0.999845433 ubox
61 67 0.006584589 ubox
61 68 0.996388739 ubox
62 66 0.084920696 ubox
71 116 0.007546269 ubox
72 115 0.007557197 ubox
73 114 0.007573409 ubox
74 113 0.007544969 ubox
75 115 0.008395981 ubox
76 92 0.004034361 ubox
76 109 0.033581002 ubox
76 114 0.040491194 ubox
76 116 0.887828754 ubox
77 91 0.004039915 ubox
77 108 0.033478719 ubox
77 113 0.038983490 ubox
77 115 0.888764563 ubox
78 103 0.003832036 ubox
78 107 0.019518206 ubox
78 108 0.008745591 ubox
78 117 0.018320132 ubox
79 102 0.004299755 ubox
79 107 0.028553299 ubox
79 113 0.887304004 ubox
79 115 0.116304520 ubox
80 92 0.033680748 ubox
80 104 0.017063052 ubox
80 106 0.027898332 ubox
80 109 0.017664585 ubox
80 112 0.899293044 ubox
80 114 0.368084401 ubox
80 116 0.030210063 ubox
81 86 0.003410521 ubox
81 91 0.033824573 ubox
81 103 0.018880052 ubox
81 107 0.005370570 ubox
81 108 0.013127873 ubox
81 111 0.902069942 ubox
81 113 0.369188518 ubox
81 115 0.028924933 ubox
82 90 0.033328676 ubox
82 104 0.057852805 ubox
82 106 0.005034431 ubox
82 110 0.880352577 ubox
82 112 0.366058603 ubox
83 100 0.087837317 ubox
83 103 0.063490070 ubox
83 108 0.013652635 ubox
83 111 0.321671603 ubox
84 99 0.095372500 ubox
84 102 0.064710616 ubox
84 107 0.013463862 ubox
84 108 0.981538652 ubox
85 91 0.009636866 ubox
85 98 0.095446164 ubox
85 101 0.064409852 ubox
85 107 0.984650013 ubox
85 113 0.039842812 ubox
86 90 0.007910004 ubox
86 97 0.093043351 ubox
86 104 0.030740086 ubox
86 106 0.972766426 ubox
86 112 0.040035389 ubox
87 99 0.025234151 ubox
87 100 0.045586778 ubox
87 101 0.010371402 ubox
87 102 0.027531962 ubox
87 103 0.056542128 ubox
87 108 0.006491532 ubox
87 111 0.037649235 ubox
88 98 0.023648492 ubox
88 99 0.045879954 ubox
88 100 0.014342248 ubox
88 101 0.029072072 ubox
88 102 0.058595816 ubox
88 103 0.082340557 ubox
88 107 0.009050867 ubox
88 108 0.009508995 ubox
88 117 0.003239924 ubox
89 98 0.044958548 ubox
89 99 0.014903680 ubox
89 100 0.032998813 ubox
89 101 0.047702474 ubox
89 102 0.078316326 ubox
89 103 0.699284471 ubox
89 107 0.012855052 ubox
89 108 0.005836875 ubox
90 98 0.013795753 ubox
90 99 0.033363867 ubox
90 100 0.047105787 ubox
90 101 0.041484024 ubox
90 102 0.603023860 ubox
90 107 0.006920333 ubox
90 111 0.006993427 ubox
90 115 0.021687137 ubox
90 117 0.029078464 ubox
91 97 0.010595804 ubox
91 106 0.009660623 ubox
91 109 0.058158656 ubox
91 114 0.028651715 ubox
91 116 0.037114350 ubox
92 99 0.106013103 ubox
92 101 0.929247712 ubox
92 102 0.035781200 ubox
92 108 0.058291205 ubox
92 113 0.028644041 ubox
92 115 0.037065992 ubox
93 98 0.095858666 ubox
93 99 0.057441839 ubox
93 100 0.935805315 ubox
93 101 0.026946890 ubox
93 102 0.011907288 ubox
93 103 0.265500727 ubox
93 107 0.036543510 ubox
94 98 0.067257945 ubox
94 99 0.930761855 ubox
94 101 0.017917878 ubox
94 102 0.283017315 ubox
94 108 0.008336947 ubox
95 101 0.283235561 ubox
95 102 0.008759974 ubox
95 107 0.008507840 ubox
95 108 0.003972983 ubox
96 100 0.252122896 ubox
96 101 0.008551942 ubox
96 103 0.006120934 ubox
96 107 0.003911396 ubox
97 102 0.006578905 ubox
97 111 0.008520430 ubox
98 106 0.003318845 ubox
98 110 0.008933220 ubox
99 105 0.003780939 ubox
99 106 0.006567900 ubox
99 109 0.008897362 ubox
100 105 0.006266641 ubox
100 110 0.008716418 ubox
101 109 0.010093353 ubox
101 110 0.011546230 ubox
102 109 0.012106897 ubox
103 112 0.005647831 ubox
104 111 0.006180890 ubox
104 117 0.003243386 ubox
105 117 0.008479270 ubox
106 115 0.018531879 ubox
106 117 0.036558869 ubox
107 112 0.003919434 ubox
107 114 0.026529501 ubox
107 116 0.045956712 ubox
108 114 0.063664002 ubox
108 116 0.085372075 ubox
109 113 0.063291739 ubox
109 115 0.086119548 ubox
